-10.00	 -0.445	  0.120 
 -9.90	 -0.462	  0.121 
 -9.80	 -0.435	  0.117 
 -9.70	 -0.429	  0.115 
 -9.60	 -0.436	  0.115 
 -9.50	 -0.456	  0.115 
 -9.40	 -0.439	  0.113 
 -9.30	 -0.423	  0.110 
 -9.20	 -0.424	  0.109 
 -9.10	 -0.448	  0.110 
 -9.00	 -0.433	  0.107 
 -8.90	 -0.417	  0.105 
 -8.80	 -0.420	  0.104 
 -8.70	 -0.443	  0.105 
 -8.60	 -0.415	  0.101 
 -8.50	 -0.411	  0.100 
 -8.40	 -0.432	  0.101 
 -8.30	 -0.416	  0.098 
 -8.20	 -0.406	  0.096 
 -8.10	 -0.420	  0.096 
 -8.00	 -0.422	  0.095 
 -7.90	 -0.407	  0.093 
 -7.80	 -0.402	  0.091 
 -7.70	 -0.431	  0.092 
 -7.60	 -0.406	  0.089 
 -7.50	 -0.398	  0.088 
 -7.40	 -0.425	  0.088 
 -7.30	 -0.402	  0.086 
 -7.20	 -0.396	  0.084 
 -7.10	 -0.444	  0.076 
 -7.00	 -0.492	  0.068 
 -6.90	 -0.540	  0.060 
 -6.80	 -0.588	  0.052 
 -6.70	 -0.587	  0.050 
 -6.60	 -0.583	  0.049 
 -6.50	 -0.577	  0.048 
 -6.40	 -0.572	  0.046 
 -6.30	 -0.567	  0.045 
 -6.20	 -0.563	  0.044 
 -6.10	 -0.558	  0.043 
 -6.00	 -0.554	  0.042 
 -5.90	 -0.549	  0.041 
 -5.80	 -0.544	  0.039 
 -5.70	 -0.539	  0.038 
 -5.60	 -0.531	  0.037 
 -5.50	 -0.524	  0.037 
 -5.40	 -0.517	  0.036 
 -5.30	 -0.510	  0.035 
 -5.20	 -0.502	  0.034 
 -5.10	 -0.494	  0.033 
 -5.00	 -0.487	  0.033 
 -4.90	 -0.479	  0.032 
 -4.80	 -0.471	  0.031 
 -4.70	 -0.462	  0.031 
 -4.60	 -0.454	  0.030 
 -4.50	 -0.446	  0.030 
 -4.40	 -0.437	  0.029 
 -4.30	 -0.428	  0.029 
 -4.20	 -0.420	  0.028 
 -4.10	 -0.411	  0.028 
 -4.00	 -0.402	  0.027 
 -3.90	 -0.394	  0.027 
 -3.80	 -0.385	  0.027 
 -3.70	 -0.376	  0.026 
 -3.60	 -0.367	  0.026 
 -3.50	 -0.358	  0.025 
 -3.40	 -0.349	  0.025 
 -3.30	 -0.340	  0.025 
 -3.20	 -0.331	  0.024 
 -3.10	 -0.323	  0.024 
 -3.00	 -0.314	  0.024 
 -2.90	 -0.305	  0.023 
 -2.80	 -0.297	  0.023 
 -2.70	 -0.288	  0.023 
 -2.60	 -0.280	  0.023 
 -2.50	 -0.273	  0.022 
 -2.40	 -0.266	  0.022 
 -2.30	 -0.260	  0.022 
 -2.20	 -0.255	  0.022 
 -2.10	 -0.252	  0.022 
 -2.00	 -0.249	  0.021 
 -1.90	 -0.241	  0.021 
 -1.80	 -0.147	  0.022 
 -1.70	 -0.155	  0.022 
 -1.60	 -0.156	  0.021 
 -1.50	 -0.154	  0.021 
 -1.40	 -0.150	  0.022 
 -1.30	 -0.145	  0.022 
 -1.20	 -0.140	  0.022 
 -1.10	 -0.135	  0.022 
 -1.00	 -0.129	  0.022 
 -0.90	 -0.123	  0.022 
 -0.80	 -0.117	  0.022 
 -0.70	 -0.110	  0.023 
 -0.60	 -0.104	  0.023 
 -0.50	 -0.097	  0.023 
 -0.40	 -0.091	  0.023 
 -0.30	 -0.084	  0.023 
 -0.20	 -0.078	  0.024 
 -0.10	 -0.071	  0.024 
  0.00	 -0.056	  0.024 
  0.10	 -0.033	  0.025 
  0.20	 -0.011	  0.025 
  0.30	  0.010	  0.026 
  0.40	  0.032	  0.026 
  0.50	  0.050	  0.026 
  0.60	  0.071	  0.027 
  0.70	  0.090	  0.027 
  0.80	  0.107	  0.028 
  0.90	  0.131	  0.028 
  1.00	  0.142	  0.028 
  1.10	  0.166	  0.029 
  1.20	  0.178	  0.029 
  1.30	  0.196	  0.029 
  1.40	  0.216	  0.029 
  1.50	  0.227	  0.030 
  1.60	  0.250	  0.030 
  1.70	  0.259	  0.030 
  1.80	  0.277	  0.031 
  1.90	  0.296	  0.031 
  2.00	  0.304	  0.031 
  2.10	  0.327	  0.031 
  2.20	  0.335	  0.032 
  2.30	  0.351	  0.032 
  2.40	  0.377	  0.032 
  2.50	  0.377	  0.032 
  2.60	  0.399	  0.032 
  2.70	  0.409	  0.033 
  2.80	  0.422	  0.033 
  2.90	  0.449	  0.033 
  3.00	  0.448	  0.033 
  3.10	  0.469	  0.033 
  3.20	  0.487	  0.033 
  3.30	  0.491	  0.034 
  3.40	  0.517	  0.033 
  3.50	  0.520	  0.034 
  3.60	  0.537	  0.034 
  3.70	  0.564	  0.034 
  3.80	  0.559	  0.034 
  3.90	  0.582	  0.034 
  4.00	  0.589	  0.034 
  4.10	  0.602	  0.034 
  4.20	  0.627	  0.034 
  4.30	  0.625	  0.035 
  4.40	  0.646	  0.034 
  4.50	  0.654	  0.035 
  4.60	  0.666	  0.035 
  4.70	  0.693	  0.034 
  4.80	  0.689	  0.035 
  4.90	  0.713	  0.034 
  5.00	  0.715	  0.035 
  5.10	  0.734	  0.034 
  5.20	  0.743	  0.034 
  5.30	  0.757	  0.034 
  5.40	  0.773	  0.034 
  5.50	  0.781	  0.034 
  5.60	  0.799	  0.033 
  5.70	  0.806	  0.034 
  5.80	  0.822	  0.033 
  5.90	  0.832	  0.033 
  6.00	  0.844	  0.033 
  6.10	  0.859	  0.033 
  6.20	  0.866	  0.033 
  6.30	  0.888	  0.032 
  6.40	  0.891	  0.032 
  6.50	  0.902	  0.032 
  6.60	  0.920	  0.032 
  6.70	  0.925	  0.032 
  6.80	  0.934	  0.032 
  6.90	  0.948	  0.032 
  7.00	  0.959	  0.031 
  7.10	  0.965	  0.032 
  7.20	  0.974	  0.032 
  7.30	  0.983	  0.031 
  7.40	  0.992	  0.031 
  7.50	  1.001	  0.031 
  7.60	  1.010	  0.031 
  7.70	  1.017	  0.031 
  7.80	  1.025	  0.032 
  7.90	  1.031	  0.032 
  8.00	  1.037	  0.032 
  8.10	  1.042	  0.032 
  8.20	  1.047	  0.033 
  8.30	  1.052	  0.033 
  8.40	  1.058	  0.034 
  8.50	  1.065	  0.034 
  8.60	  1.073	  0.035 
  8.70	  1.077	  0.036 
  8.80	  1.083	  0.036 
  8.90	  1.094	  0.037 
  9.00	  1.097	  0.038 
  9.10	  1.108	  0.039 
  9.20	  1.110	  0.039 
  9.30	  1.121	  0.040 
  9.40	  1.125	  0.041 
  9.50	  1.130	  0.042 
  9.60	  1.142	  0.043 
  9.70	  1.143	  0.044 
  9.80	  1.148	  0.045 
  9.90	  1.161	  0.046 
 10.00	  1.163	  0.047 
 10.10	  1.164	  0.048 
 10.20	  1.167	  0.049 
 10.30	  1.175	  0.050 
 10.40	  1.188	  0.051 
 10.50	  1.185	  0.053 
 10.60	  1.182	  0.054 
 10.70	  1.179	  0.056 
 10.80	  1.176	  0.057 
 10.90	  1.174	  0.058 
 11.00	  1.175	  0.060 
 11.10	  1.191	  0.061 
 11.20	  1.199	  0.062 
 11.30	  1.192	  0.064 
 11.40	  1.184	  0.066 
 11.50	  1.176	  0.067 
 11.60	  1.167	  0.069 
 11.70	  1.157	  0.071 
 11.80	  1.146	  0.072 
 11.90	  1.135	  0.074 
 12.00	  1.124	  0.076 
 12.10	  1.113	  0.078 
 12.20	  1.101	  0.080 
 12.30	  1.090	  0.083 
 12.40	  1.079	  0.085 
 12.50	  1.064	  0.084 
 12.60	  1.050	  0.083 
 12.70	  1.036	  0.082 
 12.80	  1.022	  0.081 
 12.90	  1.008	  0.080 
 13.00	  0.993	  0.078 
 13.10	  0.979	  0.077 
 13.20	  0.965	  0.076 
 13.30	  0.951	  0.075 
 13.40	  0.937	  0.074 
 13.50	  0.922	  0.073 
 13.60	  0.908	  0.072 
 13.70	  0.894	  0.071 
 13.80	  0.880	  0.069 
 13.90	  0.866	  0.068 
 14.00	  0.852	  0.067 
 14.10	  0.837	  0.066 
 14.20	  0.823	  0.065 
 14.30	  0.809	  0.064 
 14.40	  0.795	  0.063 
 14.50	  0.781	  0.062 
 14.60	  0.766	  0.061 
 14.70	  0.752	  0.059 
 14.80	  0.738	  0.058 
 14.90	  0.724	  0.057 
 15.00	  0.710	  0.056 
 15.10	  0.695	  0.055 
 15.20	  0.681	  0.054 
 15.30	  0.667	  0.053 
 15.40	  0.653	  0.052 
 15.50	  0.639	  0.050 
 15.60	  0.624	  0.049 
 15.70	  0.610	  0.048 
 15.80	  0.596	  0.047 
 15.90	  0.582	  0.046 
 16.00	  0.568	  0.045 
 16.10	  0.553	  0.044 
 16.20	  0.539	  0.043 
 16.30	  0.525	  0.041 
 16.40	  0.511	  0.040 
 16.50	  0.497	  0.039 
 16.60	  0.483	  0.038 
 16.70	  0.468	  0.037 
 16.80	  0.454	  0.036 
 16.90	  0.440	  0.035 
 17.00	  0.426	  0.034 
 17.10	  0.412	  0.033 
 17.20	  0.397	  0.031 
 17.30	  0.383	  0.030 
 17.40	  0.369	  0.029 
 17.50	  0.355	  0.028 
 17.60	  0.341	  0.027 
 17.70	  0.326	  0.026 
 17.80	  0.312	  0.025 
 17.90	  0.298	  0.024 
 18.00	  0.284	  0.022 
 18.10	  0.270	  0.021 
 18.20	  0.255	  0.020 
 18.30	  0.241	  0.019 
 18.40	  0.227	  0.018 
 18.50	  0.213	  0.017 
 18.60	  0.199	  0.016 
 18.70	  0.184	  0.015 
 18.80	  0.170	  0.013 
 18.90	  0.156	  0.012 
 19.00	  0.142	  0.011 
 19.10	  0.128	  0.010 
 19.20	  0.114	  0.009 
 19.30	  0.099	  0.008 
 19.40	  0.085	  0.007 
 19.50	  0.071	  0.006 
 19.60	  0.057	  0.004 
 19.70	  0.043	  0.003 
 19.80	  0.028	  0.002 
 19.90	  0.014	  0.001 
 20.00	  0.000	  0.000 
