QBlade v0.963 64bit
NACA 2418
T1_Re0.100_M0.00_N9.0
Alpha =  10.0,  Re =   100000,  Ma = 0.0000,  ACrit = 9.0 

   x        Cpi      Cpv        Qi        Qv
 1.0000    0.560     0.140     0.664     0.927
 0.9965    0.413     0.138     0.766     0.928
 0.9901    0.328     0.134     0.820     0.930
 0.9819    0.259     0.129     0.861     0.933
 0.9724    0.200     0.122     0.894     0.937
 0.9617    0.147     0.112     0.924     0.942
 0.9501    0.098     0.101     0.950     0.948
 0.9376    0.052     0.088     0.974     0.955
 0.9243    0.009     0.073     0.996     0.963
 0.9104   -0.033     0.056     1.016     0.972
 0.8960   -0.074     0.036     1.036     0.982
 0.8810   -0.113     0.014     1.055     0.993
 0.8655   -0.152    -0.011     1.073     1.005
 0.8496   -0.190    -0.037     1.091     1.018
 0.8333   -0.227    -0.066     1.108     1.032
 0.8167   -0.264    -0.096     1.124     1.047
 0.7998   -0.301    -0.128     1.140     1.062
 0.7827   -0.337    -0.161     1.156     1.078
 0.7653   -0.374    -0.196     1.172     1.093
 0.7477   -0.411    -0.231     1.188     1.109
 0.7299   -0.448    -0.267     1.203     1.126
 0.7120   -0.485    -0.303     1.218     1.142
 0.6940   -0.522    -0.340     1.234     1.158
 0.6759   -0.560    -0.378     1.249     1.174
 0.6577   -0.599    -0.416     1.264     1.190
 0.6395   -0.638    -0.454     1.280     1.206
 0.6212   -0.677    -0.492     1.295     1.221
 0.6029   -0.718    -0.531     1.311     1.237
 0.5847   -0.759    -0.569     1.326     1.253
 0.5664   -0.801    -0.609     1.342     1.268
 0.5483   -0.845    -0.648     1.358     1.284
 0.5302   -0.889    -0.687     1.374     1.299
 0.5121   -0.934    -0.727     1.391     1.314
 0.4942   -0.981    -0.767     1.408     1.329
 0.4764   -1.029    -0.807     1.425     1.344
 0.4587   -1.079    -0.847     1.442     1.359
 0.4412   -1.131    -0.887     1.460     1.374
 0.4239   -1.185    -0.929     1.478     1.389
 0.4067   -1.243    -0.976     1.498     1.406
 0.3897   -1.308    -1.033     1.519     1.426
 0.3729   -1.367    -1.107     1.538     1.452
 0.3564   -1.425    -1.227     1.557     1.492
 0.3400   -1.483    -1.427     1.576     1.558
 0.3239   -1.541    -1.691     1.594     1.640
 0.3081   -1.600    -1.707     1.612     1.645
 0.2926   -1.658    -1.722     1.630     1.650
 0.2773   -1.717    -1.737     1.648     1.654
 0.2623   -1.776    -1.752     1.666     1.659
 0.2476   -1.836    -1.768     1.684     1.664
 0.2333   -1.896    -1.786     1.702     1.669
 0.2192   -1.957    -1.806     1.720     1.675
 0.2055   -2.019    -1.829     1.737     1.682
 0.1922   -2.081    -1.856     1.755     1.690
 0.1792   -2.144    -1.887     1.773     1.699
 0.1666   -2.209    -1.923     1.791     1.710
 0.1544   -2.274    -1.963     1.809     1.721
 0.1425   -2.341    -2.008     1.828     1.734
 0.1311   -2.410    -2.057     1.847     1.748
 0.1201   -2.481    -2.111     1.866     1.764
 0.1095   -2.553    -2.169     1.885     1.780
 0.0993   -2.629    -2.230     1.905     1.797
 0.0896   -2.707    -2.293     1.925     1.815
 0.0803   -2.787    -2.357     1.946     1.832
 0.0715   -2.872    -2.423     1.968     1.850
 0.0632   -2.959    -2.490     1.990     1.868
 0.0553   -3.049    -2.558     2.012     1.886
 0.0479   -3.143    -2.625     2.035     1.904
 0.0410   -3.238    -2.690     2.059     1.921
 0.0346   -3.333    -2.752     2.082     1.937
 0.0287   -3.425    -2.807     2.104     1.951
 0.0234   -3.510    -2.851     2.124     1.962
 0.0186   -3.580    -2.878     2.140     1.969
 0.0143   -3.626    -2.879     2.151     1.969
 0.0105   -3.632    -2.841     2.152     1.960
 0.0074   -3.579    -2.750     2.140     1.936
 0.0047   -3.446    -2.588     2.109     1.894
 0.0027   -3.210    -2.341     2.052     1.828
 0.0012   -2.857    -2.001     1.964     1.732
 0.0003   -2.391    -1.578     1.841     1.605
 0.0000   -1.846    -1.104     1.687     1.451
 0.0003   -1.289    -0.630     1.513     1.277
 0.0012   -0.739    -0.180     1.319     1.086
 0.0027   -0.234     0.216     1.111     0.886
 0.0047    0.190     0.530     0.900     0.686
 0.0074    0.514     0.756     0.697     0.494
 0.0105    0.742     0.898     0.508     0.319
 0.0143    0.886     0.974     0.338     0.161
 0.0186    0.965     0.999     0.187     0.023
 0.0234    0.997     0.990     0.055    -0.098
 0.0287    0.997     0.959    -0.059    -0.203
 0.0346    0.975     0.915    -0.158    -0.292
 0.0410    0.940     0.863    -0.244    -0.370
 0.0479    0.898     0.809    -0.319    -0.437
 0.0553    0.852     0.754    -0.384    -0.496
 0.0632    0.805     0.701    -0.441    -0.546
 0.0715    0.759     0.651    -0.491    -0.591
 0.0803    0.714     0.603    -0.535    -0.630
 0.0896    0.671     0.559    -0.573    -0.664
 0.0993    0.631     0.518    -0.607    -0.694
 0.1095    0.593     0.480    -0.638    -0.721
 0.1201    0.558     0.446    -0.665    -0.744
 0.1311    0.526     0.414    -0.688    -0.765
 0.1425    0.496     0.385    -0.710    -0.784
 0.1544    0.469     0.359    -0.729    -0.801
 0.1666    0.444     0.335    -0.746    -0.815
 0.1792    0.421     0.314    -0.761    -0.828
 0.1922    0.400     0.294    -0.775    -0.840
 0.2055    0.381     0.277    -0.787    -0.851
 0.2192    0.364     0.261    -0.798    -0.860
 0.2333    0.348     0.246    -0.807    -0.868
 0.2476    0.334     0.233    -0.816    -0.876
 0.2623    0.321     0.222    -0.824    -0.882
 0.2773    0.309     0.211    -0.831    -0.888
 0.2926    0.299     0.202    -0.837    -0.894
 0.3081    0.289     0.193    -0.843    -0.898
 0.3239    0.280     0.185    -0.848    -0.903
 0.3400    0.272     0.177    -0.853    -0.907
 0.3564    0.264     0.170    -0.858    -0.911
 0.3729    0.257     0.164    -0.862    -0.914
 0.3897    0.250     0.157    -0.866    -0.918
 0.4067    0.241     0.150    -0.871    -0.922
 0.4239    0.234     0.144    -0.875    -0.925
 0.4412    0.229     0.138    -0.878    -0.928
 0.4587    0.224     0.134    -0.881    -0.931
 0.4764    0.220     0.130    -0.883    -0.933
 0.4942    0.217     0.127    -0.885    -0.935
 0.5121    0.215     0.124    -0.886    -0.936
 0.5302    0.213     0.122    -0.887    -0.937
 0.5483    0.211     0.120    -0.888    -0.938
 0.5664    0.210     0.118    -0.889    -0.939
 0.5847    0.209     0.117    -0.890    -0.940
 0.6029    0.208     0.116    -0.890    -0.940
 0.6212    0.208     0.115    -0.890    -0.941
 0.6395    0.208     0.114    -0.890    -0.941
 0.6577    0.208     0.113    -0.890    -0.942
 0.6759    0.208     0.113    -0.890    -0.942
 0.6940    0.209     0.112    -0.890    -0.942
 0.7120    0.210     0.112    -0.889    -0.942
 0.7299    0.211     0.112    -0.888    -0.943
 0.7477    0.212     0.111    -0.887    -0.943
 0.7653    0.214     0.112    -0.886    -0.943
 0.7827    0.216     0.112    -0.885    -0.943
 0.7998    0.219     0.112    -0.884    -0.942
 0.8167    0.222     0.112    -0.882    -0.942
 0.8333    0.226     0.113    -0.880    -0.942
 0.8496    0.230     0.114    -0.877    -0.941
 0.8655    0.235     0.115    -0.875    -0.941
 0.8810    0.241     0.117    -0.871    -0.940
 0.8960    0.248     0.118    -0.867    -0.939
 0.9104    0.257     0.120    -0.862    -0.938
 0.9243    0.266     0.122    -0.857    -0.937
 0.9376    0.278     0.125    -0.850    -0.935
 0.9501    0.292     0.128    -0.841    -0.934
 0.9617    0.309     0.131    -0.831    -0.932
 0.9724    0.331     0.134    -0.818    -0.931
 0.9819    0.359     0.137    -0.801    -0.929
 0.9901    0.397     0.139    -0.777    -0.928
 0.9965    0.453     0.141    -0.740    -0.927
 1.0000    0.560     0.140    -0.664    -0.927


