QBlade v0.963 64bit

 Calculated polar for: S4320

 1 1 Reynolds number fixed          Mach number fixed         

 xtrf =   1.000 (top)        1.000 (bottom)
 Mach =   0.000     Re =     0.050 e 6     Ncrit =   9.000

  alpha     CL        CD       CDp       Cm    Top Xtr Bot Xtr   Cpmin    Chinge    XCp    
 ------- -------- --------- --------- -------- ------- ------- -------- --------- ---------
 -10.000  -0.3156   0.12537   0.11838  -0.0218  1.0000  0.1179  -1.1326   0.0000   0.1738
  -9.900  -0.3112   0.12391   0.11693  -0.0218  1.0000  0.1200  -1.1202   0.0000   0.1725
  -9.800  -0.3075   0.12262   0.11565  -0.0220  1.0000  0.1220  -1.1116   0.0000   0.1711
  -9.700  -0.3043   0.12143   0.11449  -0.0223  1.0000  0.1241  -1.1056   0.0000   0.1694
  -9.600  -0.3015   0.12038   0.11345  -0.0226  1.0000  0.1267  -1.1011   0.0000   0.1677
  -9.500  -0.2995   0.11952   0.11262  -0.0230  1.0000  0.1298  -1.0998   0.0000   0.1658
  -9.400  -0.2986   0.11894   0.11207  -0.0237  1.0000  0.1330  -1.1033   0.0000   0.1636
  -9.300  -0.2991   0.11881   0.11197  -0.0245  1.0000  0.1359  -1.1134   0.0000   0.1611
  -9.200  -0.3014   0.11921   0.11242  -0.0256  1.0000  0.1382  -1.1302   0.0000   0.1584
  -9.100  -0.3049   0.12003   0.11329  -0.0267  1.0000  0.1399  -1.1513   0.0000   0.1558
  -9.000  -0.3089   0.12103   0.11434  -0.0280  1.0000  0.1410  -1.1739   0.0000   0.1533
  -8.900  -0.3131   0.12199   0.11537  -0.0291  1.0000  0.1418  -1.1959   0.0000   0.1511
  -8.800  -0.3171   0.12282   0.11626  -0.0301  1.0000  0.1424  -1.2160   0.0000   0.1494
  -8.700  -0.3210   0.12346   0.11697  -0.0310  1.0000  0.1428  -1.2345   0.0000   0.1481
  -8.600  -0.3250   0.12391   0.11748  -0.0317  1.0000  0.1432  -1.2518   0.0000   0.1474
  -8.500  -0.3287   0.12420   0.11784  -0.0325  1.0000  0.1434  -1.2689   0.0000   0.1462
  -8.400  -0.3308   0.12435   0.11805  -0.0338  1.0000  0.1437  -1.2851   0.0000   0.1431
  -8.300  -0.3318   0.12437   0.11811  -0.0350  1.0000  0.1439  -1.2979   0.0000   0.1399
  -8.200  -0.2812   0.10840   0.10195  -0.0271  1.0000  0.1775  -1.0794   0.0000   0.1473
  -8.100  -0.2865   0.10930   0.10293  -0.0279  1.0000  0.1795  -1.0984   0.0000   0.1467
  -8.000  -0.2930   0.11039   0.10410  -0.0285  1.0000  0.1809  -1.1188   0.0000   0.1471
  -7.900  -0.3002   0.11140   0.10520  -0.0287  1.0000  0.1817  -1.1386   0.0000   0.1489
  -7.800  -0.3077   0.11228   0.10617  -0.0288  1.0000  0.1823  -1.1569   0.0000   0.1515
  -7.700  -0.3143   0.11313   0.10711  -0.0292  1.0000  0.1828  -1.1751   0.0000   0.1524
  -7.600  -0.3205   0.11388   0.10793  -0.0297  1.0000  0.1833  -1.1929   0.0000   0.1528
  -7.500  -0.3266   0.11448   0.10861  -0.0301  1.0000  0.1836  -1.2097   0.0000   0.1536
  -7.400  -0.3327   0.11497   0.10915  -0.0303  1.0000  0.1839  -1.2257   0.0000   0.1548
  -7.300  -0.3388   0.11535   0.10958  -0.0304  1.0000  0.1841  -1.2407   0.0000   0.1566
  -7.200  -0.3439   0.11567   0.10995  -0.0302  1.0000  0.1843  -1.2524   0.0000   0.1585
  -7.000  -0.2691   0.09479   0.08873  -0.0241  1.0000  0.2065  -1.0139   0.0000   0.1547
  -6.900  -0.2725   0.09441   0.08842  -0.0232  1.0000  0.2091  -1.0130   0.0000   0.1595
  -6.800  -0.2778   0.09423   0.08830  -0.0220  1.0000  0.2113  -1.0159   0.0000   0.1654
  -6.700  -0.2851   0.09423   0.08837  -0.0207  1.0000  0.2132  -1.0221   0.0000   0.1726
  -6.600  -0.2938   0.09437   0.08857  -0.0191  1.0000  0.2147  -1.0306   0.0000   0.1804
  -6.500  -0.3033   0.09458   0.08885  -0.0174  1.0000  0.2159  -1.0408   0.0000   0.1883
  -6.400  -0.3131   0.09482   0.08916  -0.0158  1.0000  0.2172  -1.0518   0.0000   0.1954
  -6.300  -0.3225   0.09510   0.08950  -0.0146  1.0000  0.2186  -1.0638   0.0000   0.2008
  -6.200  -0.3321   0.09549   0.08994  -0.0137  1.0000  0.2202  -1.0776   0.0000   0.2051
  -6.100  -0.3419   0.09607   0.09059  -0.0131  1.0000  0.2219  -1.0940   0.0000   0.2082
  -6.000  -0.3521   0.09703   0.09160  -0.0132  1.0000  0.2236  -1.1152   0.0000   0.2094
  -5.900  -0.3627   0.09869   0.09330  -0.0143  1.0000  0.2256  -1.1437   0.0000   0.2076
  -5.800  -0.3709   0.10104   0.09567  -0.0167  1.0000  0.2273  -1.1752   0.0000   0.2024
  -5.700  -0.3755   0.10277   0.09737  -0.0189  1.0000  0.2283  -1.1985   0.0000   0.1972
  -5.600  -0.3765   0.10357   0.09816  -0.0203  1.0000  0.2289  -1.2080   0.0000   0.1938
  -5.400  -0.3827   0.09326   0.08807  -0.0145  1.0000  0.2334  -1.1811   0.0000   0.2098
  -5.300  -0.3797   0.09062   0.08547  -0.0109  1.0000  0.2360  -1.1433   0.0000   0.2189
  -5.200  -0.3770   0.08889   0.08376  -0.0082  1.0000  0.2390  -1.1111   0.0000   0.2258
  -5.100  -0.3749   0.08763   0.08253  -0.0061  1.0000  0.2422  -1.0846   0.0000   0.2311
  -5.000  -0.3740   0.08667   0.08159  -0.0047  1.0000  0.2455  -1.0719   0.0000   0.2350
  -4.900  -0.3743   0.08589   0.08083  -0.0037  1.0000  0.2491  -1.0652   0.0000   0.2377
  -4.800  -0.3751   0.08522   0.08019  -0.0030  1.0000  0.2530  -1.0617   0.0000   0.2395
  -4.700  -0.3764   0.08466   0.07965  -0.0028  1.0000  0.2574  -1.0613   0.0000   0.2402
  -4.600  -0.3778   0.08433   0.07933  -0.0033  1.0000  0.2626  -1.0648   0.0000   0.2390
  -4.200  -0.3816   0.08126   0.07633  -0.0088  1.0000  0.2841  -1.0978   0.0000   0.2250
  -4.100  -0.3811   0.07966   0.07478  -0.0061  1.0000  0.2870  -1.0819   0.0000   0.2322
  -4.000  -0.3802   0.07845   0.07360  -0.0038  1.0000  0.2906  -1.0676   0.0000   0.2381
  -3.900  -0.3789   0.07747   0.07265  -0.0021  1.0000  0.2949  -1.0554   0.0000   0.2425
  -3.800  -0.3773   0.07666   0.07185  -0.0010  1.0000  0.3004  -1.0456   0.0000   0.2454
  -3.700  -0.3753   0.07603   0.07123  -0.0009  1.0000  0.3077  -1.0395   0.0000   0.2459
  -3.600  -0.3662   0.07747   0.07259  -0.0100  1.0000  0.3320  -1.0628   0.0000   0.2210
  -3.500  -0.3686   0.07499   0.07017  -0.0071  1.0000  0.3348  -1.0529   0.0000   0.2291
  -3.400  -0.3693   0.07330   0.06853  -0.0043  1.0000  0.3380  -1.0406   0.0000   0.2367
  -3.300  -0.3689   0.07205   0.06733  -0.0018  1.0000  0.3420  -1.0279   0.0000   0.2434
  -3.200  -0.3677   0.07109   0.06639   0.0001  1.0000  0.3473  -1.0162   0.0000   0.2486
  -3.100  -0.3654   0.07033   0.06565   0.0012  1.0000  0.3546  -1.0064   0.0000   0.2517
  -3.000  -0.3559   0.07106   0.06632  -0.0044  1.0000  0.3868  -1.0090   0.0000   0.2359
  -2.900  -0.3579   0.06905   0.06438  -0.0016  1.0000  0.3903  -1.0004   0.0000   0.2439
  -2.800  -0.3583   0.06767   0.06304   0.0011  1.0000  0.3945  -0.9899   0.0000   0.2515
  -2.700  -0.3576   0.06664   0.06205   0.0034  1.0000  0.4002  -0.9793   0.0000   0.2579
  -2.600  -0.3508   0.06582   0.06124   0.0042  0.9985  0.4111  -0.9651   0.0000   0.2604
  -2.500  -0.3418   0.06502   0.06045   0.0028  0.9953  0.4473  -0.9517   0.0000   0.2567
  -2.400  -0.3358   0.06358   0.05905   0.0052  0.9924  0.4556  -0.9353   0.0000   0.2637
  -2.300  -0.3232   0.06292   0.05839   0.0051  0.9889  0.4737  -0.9179   0.0000   0.2640
  -2.200  -0.3226   0.06175   0.05727   0.0079  0.9859  0.5077  -0.9046   0.0000   0.2728
  -2.100  -0.3154   0.06071   0.05626   0.0096  0.9823  0.5201  -0.8910   0.0000   0.2787
  -2.000  -0.1654   0.05250   0.04710  -0.0440  0.9754  0.3411  -0.9707   0.0000  -0.0190
  -1.900  -0.1715   0.05289   0.04770  -0.0379  0.9722  0.3945  -0.9276   0.0000   0.0261
  -1.800  -0.1809   0.05343   0.04839  -0.0316  0.9684  0.4454  -0.9000   0.0000   0.0728
  -1.700  -0.1896   0.05274   0.04786  -0.0252  0.9652  0.4619  -0.8836   0.0000   0.1149
  -1.600  -0.2014   0.05266   0.04791  -0.0178  0.9620  0.5100  -0.8655   0.0000   0.1596
  -1.500  -0.2182   0.05277   0.04818  -0.0082  0.9594  0.5623  -0.8496   0.0000   0.2102
  -1.400   0.0627   0.03684   0.02769  -0.0826  0.9572  0.1108  -1.3290   0.0000   1.5763
  -1.300   0.0826   0.03619   0.02683  -0.0843  0.9545  0.1106  -1.3205   0.0000   1.2752
  -1.200   0.1039   0.03544   0.02589  -0.0861  0.9521  0.1112  -1.3129   0.0000   1.0829
  -1.100   0.1182   0.03483   0.02515  -0.0868  0.9492  0.1125  -1.3077   0.0000   0.9876
  -1.000   0.1287   0.03435   0.02458  -0.0869  0.9460  0.1144  -1.3026   0.0000   0.9277
  -0.900   0.1407   0.03394   0.02412  -0.0871  0.9427  0.1174  -1.2957   0.0000   0.8716
  -0.800   0.1544   0.03362   0.02375  -0.0876  0.9392  0.1221  -1.2899   0.0000   0.8193
  -0.700   0.1713   0.03334   0.02335  -0.0884  0.9356  0.1302  -1.2920   0.0000   0.7681
  -0.600   0.1912   0.03305   0.02289  -0.0895  0.9320  0.1448  -1.3207   0.0000   0.7196
  -0.500   0.2164   0.03177   0.02185  -0.0917  0.9294  0.2368  -1.3895   0.0000   0.6750
  -0.400   0.2261   0.02866   0.02114  -0.0894  0.9276  1.0000  -1.4821   0.0000   0.6465
  -0.300   0.2442   0.02911   0.02120  -0.0907  0.9235  1.0000  -1.4300   0.0000   0.6223
  -0.200   0.2491   0.02929   0.02123  -0.0900  0.9181  1.0000  -1.3969   0.0000   0.6120
  -0.100   0.2595   0.02957   0.02133  -0.0902  0.9127  1.0000  -1.3466   0.0000   0.5981
   0.000   0.2736   0.02990   0.02147  -0.0910  0.9076  1.0000  -1.2835   0.0000   0.5828
   0.100   0.2907   0.03026   0.02165  -0.0923  0.9029  1.0000  -1.2098   0.0000   0.5674
   0.200   0.3105   0.03069   0.02190  -0.0940  0.8988  1.0000  -1.1270   0.0000   0.5523
   0.300   0.3323   0.03122   0.02226  -0.0960  0.8955  1.0000  -1.0379   0.0000   0.5384
   0.400   0.3399   0.03160   0.02253  -0.0958  0.8916  1.0000  -0.9897   0.0000   0.5313
   0.500   0.3423   0.03187   0.02274  -0.0949  0.8871  1.0000  -0.9569   0.0000   0.5265
   0.600   0.3491   0.03219   0.02298  -0.0947  0.8823  1.0000  -0.9116   0.0000   0.5203
   0.700   0.3594   0.03253   0.02323  -0.0949  0.8774  1.0000  -0.8561   0.0000   0.5130
   0.800   0.3734   0.03288   0.02349  -0.0957  0.8724  1.0000  -0.7904   0.0000   0.5050
   0.900   0.3918   0.03325   0.02375  -0.0970  0.8676  1.0000  -0.7130   0.0000   0.4963
   1.000   0.4148   0.03367   0.02407  -0.0989  0.8632  1.0000  -0.6473   0.0000   0.4872
   1.100   0.4413   0.03425   0.02454  -0.1014  0.8592  1.0000  -0.6695   0.0000   0.4782
   1.200   0.4332   0.03447   0.02474  -0.0990  0.8529  1.0000  -0.6653   0.0000   0.4768
   1.300   0.4368   0.03478   0.02501  -0.0982  0.8469  1.0000  -0.6699   0.0000   0.4731
   1.400   0.4459   0.03512   0.02530  -0.0982  0.8412  1.0000  -0.6788   0.0000   0.4684
   1.500   0.4585   0.03547   0.02560  -0.0987  0.8362  1.0000  -0.6904   0.0000   0.4634
   1.600   0.4740   0.03584   0.02591  -0.0996  0.8319  1.0000  -0.7042   0.0000   0.4581
   1.700   0.4928   0.03621   0.02623  -0.1009  0.8277  1.0000  -0.7209   0.0000   0.4526
   1.800   0.5162   0.03661   0.02658  -0.1027  0.8239  1.0000  -0.7425   0.0000   0.4467
   1.900   0.5366   0.03714   0.02705  -0.1041  0.8199  1.0000  -0.7631   0.0000   0.4416
   2.000   0.5247   0.03755   0.02746  -0.1014  0.8131  1.0000  -0.7554   0.0000   0.4409
   2.100   0.5267   0.03794   0.02782  -0.1006  0.8066  1.0000  -0.7599   0.0000   0.4384
   2.200   0.5356   0.03828   0.02812  -0.1005  0.8003  1.0000  -0.7705   0.0000   0.4349
   2.300   0.5503   0.03854   0.02820  -0.1010  0.7945  1.0000  -0.7865   0.0000   0.4308
   2.400   0.5695   0.03876   0.02838  -0.1020  0.7892  1.0000  -0.8067   0.0000   0.4263
   2.500   0.5933   0.03895   0.02854  -0.1035  0.7847  1.0000  -0.8313   0.0000   0.4215
   2.600   0.6214   0.03919   0.02876  -0.1055  0.7811  1.0000  -0.8600   0.0000   0.4168
   2.700   0.6212   0.03987   0.02941  -0.1045  0.7756  1.0000  -0.8621   0.0000   0.4151
   2.800   0.6111   0.04056   0.03010  -0.1024  0.7687  1.0000  -0.8547   0.0000   0.4144
   2.900   0.6132   0.04108   0.03061  -0.1017  0.7624  1.0000  -0.8587   0.0000   0.4125
   3.000   0.6220   0.04146   0.03098  -0.1016  0.7563  1.0000  -0.8695   0.0000   0.4099
   3.100   0.6363   0.04170   0.03120  -0.1020  0.7506  1.0000  -0.8883   0.0000   0.4068
   3.200   0.6562   0.04179   0.03140  -0.1028  0.7453  1.0000  -0.9132   0.0000   0.4030
   3.300   0.6827   0.04173   0.03132  -0.1042  0.7409  1.0000  -0.9454   0.0000   0.3989
   3.400   0.7145   0.04160   0.03118  -0.1060  0.7372  1.0000  -0.9838   0.0000   0.3945
   3.500   0.7045   0.04261   0.03218  -0.1041  0.7296  1.0000  -0.9764   0.0000   0.3939
   3.600   0.6938   0.04349   0.03305  -0.1022  0.7211  1.0000  -0.9679   0.0000   0.3934
   3.700   0.6980   0.04397   0.03353  -0.1017  0.7140  1.0000  -0.9759   0.0000   0.3916
   3.800   0.7090   0.04425   0.03381  -0.1016  0.7078  1.0000  -0.9915   0.0000   0.3891
   3.900   0.7249   0.04439   0.03396  -0.1020  0.7028  1.0000  -1.0126   0.0000   0.3864
   4.000   0.7456   0.04437   0.03395  -0.1027  0.6985  1.0000  -1.0395   0.0000   0.3833
   4.100   0.7727   0.04409   0.03369  -0.1037  0.6949  1.0000  -1.0752   0.0000   0.3798
   4.200   0.7989   0.04379   0.03341  -0.1044  0.6915  1.0000  -1.1147   0.0000   0.3761
   4.300   0.7869   0.04528   0.03489  -0.1030  0.6832  1.0000  -1.1034   0.0000   0.3762
   4.400   0.7712   0.04665   0.03625  -0.1011  0.6738  1.0000  -1.0873   0.0000   0.3764
   4.500   0.7751   0.04716   0.03678  -0.1005  0.6662  1.0000  -1.0971   0.0000   0.3749
   4.600   0.7888   0.04720   0.03683  -0.1004  0.6596  1.0000  -1.1202   0.0000   0.3724
   4.700   0.8107   0.04680   0.03645  -0.1007  0.6543  1.0000  -1.1547   0.0000   0.3692
   4.800   0.8393   0.04603   0.03572  -0.1013  0.6501  1.0000  -1.1987   0.0000   0.3656
   4.900   0.8650   0.04530   0.03502  -0.1014  0.6466  1.0000  -1.2398   0.0000   0.3620
   5.000   0.8882   0.04480   0.03455  -0.1013  0.6435  1.0000  -1.2780   0.0000   0.3587
   5.100   0.8547   0.04805   0.03779  -0.0998  0.6314  1.0000  -1.2327   0.0000   0.3613
   5.200   0.8451   0.04948   0.03923  -0.0988  0.6227  1.0000  -1.2229   0.0000   0.3613
   5.300   0.8518   0.04993   0.03970  -0.0984  0.6158  1.0000  -1.2363   0.0000   0.3598
   5.400   0.8685   0.04970   0.03951  -0.0982  0.6101  1.0000  -1.2690   0.0000   0.3573
   5.500   0.8946   0.04878   0.03864  -0.0983  0.6054  1.0000  -1.3178   0.0000   0.3540
   5.600   0.9234   0.04745   0.03737  -0.0981  0.6016  1.0000  -1.3727   0.0000   0.3502
   5.700   0.9502   0.04617   0.03613  -0.0976  0.5981  1.0000  -1.4256   0.0000   0.3466
   5.800   0.9770   0.04501   0.03500  -0.0971  0.5948  1.0000  -1.4790   0.0000   0.3431
   5.900   0.9236   0.05050   0.04048  -0.0961  0.5790  1.0000  -1.3913   0.0000   0.3477
   6.000   0.9216   0.05154   0.04153  -0.0954  0.5705  1.0000  -1.3938   0.0000   0.3471
   6.100   0.9363   0.05127   0.04130  -0.0950  0.5643  1.0000  -1.4251   0.0000   0.3449
   6.200   0.9594   0.05033   0.04043  -0.0947  0.5598  1.0000  -1.4711   0.0000   0.3420
   6.300   0.9838   0.04915   0.03932  -0.0942  0.5560  1.0000  -1.5204   0.0000   0.3389
   6.400   1.0103   0.04770   0.03832  -0.0936  0.5523  1.0000  -1.5782   0.0000   0.3356
   6.500   1.0402   0.04593   0.03662  -0.0930  0.5487  1.0000  -1.6504   0.0000   0.3322
   6.600   1.0525   0.04600   0.03671  -0.0923  0.5431  1.0000  -1.6854   0.0000   0.3305
   6.700   0.9918   0.05297   0.04364  -0.0919  0.5286  1.0000  -1.5643   0.0000   0.3354
   6.800   0.9919   0.05394   0.04465  -0.0914  0.5206  1.0000  -1.5733   0.0000   0.3347
   6.900   1.0192   0.05212   0.04292  -0.0905  0.5149  1.0000  -1.6405   0.0000   0.3312
   7.000   1.0517   0.04968   0.04056  -0.0896  0.5099  1.0000  -1.7197   0.0000   0.3275
   7.100   1.0855   0.04711   0.03806  -0.0888  0.5055  1.0000  -1.8024   0.0000   0.3239
   7.200   1.1186   0.04488   0.03586  -0.0883  0.5014  1.0000  -1.8832   0.0000   0.3208
   7.300   1.1431   0.04397   0.03493  -0.0879  0.4962  1.0000  -1.9447   0.0000   0.3187
   7.400   1.0998   0.04931   0.04037  -0.0870  0.4866  1.0000  -1.8580   0.0000   0.3209
   7.500   1.0737   0.05313   0.04420  -0.0866  0.4775  1.0000  -1.8083   0.0000   0.3223
   7.600   1.0816   0.05336   0.04449  -0.0859  0.4709  1.0000  -1.8336   0.0000   0.3210
   7.700   1.1118   0.05112   0.04233  -0.0851  0.4650  1.0000  -1.9095   0.0000   0.3179
   7.800   1.1579   0.04706   0.03832  -0.0842  0.4589  1.0000  -2.0328   0.0000   0.3139
   7.900   1.2107   0.04286   0.03403  -0.0840  0.4511  1.0000  -2.1870   0.0000   0.3103
   8.000   1.2058   0.04451   0.03576  -0.0832  0.4444  1.0000  -2.1870   0.0000   0.3098
   8.100   1.1882   0.04725   0.03862  -0.0822  0.4375  1.0000  -2.1532   0.0000   0.3099
   8.200   1.1788   0.04921   0.04064  -0.0814  0.4303  1.0000  -2.1412   0.0000   0.3096
   8.300   1.1852   0.04950   0.04099  -0.0806  0.4230  1.0000  -2.1716   0.0000   0.3085
   8.400   1.2102   0.04793   0.03945  -0.0801  0.4160  1.0000  -2.2522   0.0000   0.3064
   8.500   1.2609   0.04416   0.03557  -0.0801  0.4067  1.0000  -2.4806   0.0000   0.3036
   8.600   1.2718   0.04469   0.03608  -0.0797  0.3993  1.0000  -2.5873   0.0000   0.3025
   8.700   1.2612   0.04665   0.03819  -0.0786  0.3941  1.0000  -2.5645   0.0000   0.3021
   8.800   1.2513   0.04860   0.04026  -0.0777  0.3883  1.0000  -2.5469   0.0000   0.3017
   8.900   1.2456   0.05011   0.04184  -0.0768  0.3820  1.0000  -2.5553   0.0000   0.3012
   9.000   1.2630   0.04909   0.04085  -0.0760  0.3730  1.0000  -2.7086   0.0000   0.2996
   9.100   1.3218   0.04479   0.03624  -0.0765  0.3584  1.0000  -3.1272   0.0000   0.2969
   9.200   1.3222   0.04630   0.03782  -0.0758  0.3529  1.0000  -3.1708   0.0000   0.2963
   9.300   1.3148   0.04795   0.03964  -0.0747  0.3487  1.0000  -3.1669   0.0000   0.2957
   9.400   1.3071   0.04970   0.04152  -0.0737  0.3442  1.0000  -3.1611   0.0000   0.2951
   9.500   1.2998   0.05145   0.04337  -0.0728  0.3397  1.0000  -3.1578   0.0000   0.2946
   9.600   1.2941   0.05304   0.04505  -0.0719  0.3350  1.0000  -3.1649   0.0000   0.2941
   9.700   1.2984   0.05366   0.04572  -0.0712  0.3291  1.0000  -3.2378   0.0000   0.2932
   9.800   1.3667   0.04992   0.04154  -0.0723  0.3107  1.0000  -3.7343   0.0000   0.2909
   9.900   1.3593   0.05131   0.04312  -0.0711  0.3078  1.0000  -3.7317   0.0000   0.2902
  10.000   1.3503   0.05297   0.04494  -0.0700  0.3046  1.0000  -3.7184   0.0000   0.2896
  10.100   1.3400   0.05481   0.04691  -0.0689  0.3015  1.0000  -3.6961   0.0000   0.2891
  10.200   1.3283   0.05683   0.04904  -0.0678  0.2985  1.0000  -3.6641   0.0000   0.2886
  10.300   1.3128   0.05916   0.05145  -0.0667  0.2965  1.0000  -3.6079   0.0000   0.2883
  10.400   1.2849   0.06287   0.05521  -0.0658  0.2973  1.0000  -3.4660   0.0000   0.2886
  10.500   1.2367   0.06970   0.06203  -0.0665  0.3015  1.0000  -3.1770   0.0000   0.2912
  10.600   1.1799   0.07925   0.07151  -0.0697  0.3047  1.0000  -2.8136   0.0000   0.2964
  10.700   1.1255   0.09034   0.08247  -0.0748  0.3054  1.0000  -2.4460   0.0000   0.3039
  10.800   1.0924   0.09804   0.09010  -0.0785  0.3046  1.0000  -2.2272   0.0000   0.3094
  10.900   1.0709   0.10345   0.09547  -0.0810  0.3034  1.0000  -2.0949   0.0000   0.3132
  11.000   1.0548   0.10789   0.09988  -0.0829  0.3021  1.0000  -2.0016   0.0000   0.3161
  11.100   1.0422   0.11176   0.10373  -0.0846  0.3008  1.0000  -1.9377   0.0000   0.3186
  11.200   1.0317   0.11528   0.10725  -0.0861  0.2995  1.0000  -1.8986   0.0000   0.3209
  11.300   1.0218   0.11863   0.11059  -0.0875  0.2983  1.0000  -1.8622   0.0000   0.3230
  11.400   1.0137   0.12167   0.11364  -0.0888  0.2969  1.0000  -1.8324   0.0000   0.3249
  11.500   1.0071   0.12443   0.11641  -0.0900  0.2952  1.0000  -1.8088   0.0000   0.3266
  11.600   1.0022   0.12688   0.11886  -0.0910  0.2930  1.0000  -1.7920   0.0000   0.3279
  11.700   0.9999   0.12883   0.12083  -0.0916  0.2897  1.0000  -1.7867   0.0000   0.3287
  11.800   1.0913   0.11469   0.10701  -0.0792  0.2653  1.0000  -2.5215   0.0000   0.3088
  11.900   1.0767   0.11936   0.11166  -0.0815  0.2646  1.0000  -2.4231   0.0000   0.3119
  12.000   1.0650   0.12349   0.11577  -0.0835  0.2640  1.0000  -2.3465   0.0000   0.3145
  12.100   1.0555   0.12724   0.11951  -0.0852  0.2634  1.0000  -2.2861   0.0000   0.3169
  12.200   1.0477   0.13070   0.12296  -0.0869  0.2628  1.0000  -2.2386   0.0000   0.3190
  12.300   1.0412   0.13396   0.12623  -0.0883  0.2625  1.0000  -2.2003   0.0000   0.3209
  12.400   1.0353   0.13712   0.12939  -0.0897  0.2623  1.0000  -2.1660   0.0000   0.3226
  12.500   1.0306   0.14013   0.13242  -0.0910  0.2623  1.0000  -2.1408   0.0000   0.3242
  12.600   1.0272   0.14304   0.13534  -0.0922  0.2625  1.0000  -2.1242   0.0000   0.3256
  12.700   1.0251   0.14588   0.13820  -0.0933  0.2628  1.0000  -2.1162   0.0000   0.3267
  12.800   1.0244   0.14870   0.14104  -0.0942  0.2633  1.0000  -2.1177   0.0000   0.3276
  12.900   1.0255   0.15156   0.14393  -0.0949  0.2641  1.0000  -2.1311   0.0000   0.3281
  13.000   1.0292   0.15458   0.14699  -0.0955  0.2650  1.0000  -2.1620   0.0000   0.3282
  13.100   1.0379   0.15804   0.15053  -0.0955  0.2663  1.0000  -2.2257   0.0000   0.3274
  13.200   1.0107   0.18583   0.17834  -0.1109  0.3548  1.0000  -1.7850   0.0000   0.3458
  13.300   1.0054   0.18674   0.17924  -0.1117  0.3545  1.0000  -1.7672   0.0000   0.3471
  13.400   0.9971   0.18678   0.17927  -0.1126  0.3539  1.0000  -1.7346   0.0000   0.3487
  13.500   0.9852   0.18559   0.17804  -0.1134  0.3530  1.0000  -1.6838   0.0000   0.3508
  13.600   0.9664   0.18174   0.17414  -0.1141  0.3507  1.0000  -1.6008   0.0000   0.3536
  13.700   0.9505   0.17808   0.17043  -0.1149  0.3449  1.0000  -1.5320   0.0000   0.3563
  13.800   0.9477   0.17813   0.17049  -0.1155  0.3392  1.0000  -1.5319   0.0000   0.3571
  13.900   0.9494   0.17904   0.17143  -0.1158  0.3335  1.0000  -1.5581   0.0000   0.3570
  14.000   0.9559   0.18038   0.17281  -0.1156  0.3269  1.0000  -1.6148   0.0000   0.3559
  14.100   1.0388   0.20165   0.19442  -0.1110  0.3106  1.0000  -2.1296   0.0000   0.3417
  14.200   1.0354   0.20308   0.19586  -0.1119  0.3104  1.0000  -2.1175   0.0000   0.3428
  14.300   1.0313   0.20419   0.19696  -0.1129  0.3102  1.0000  -2.1020   0.0000   0.3440
  14.400   1.0265   0.20487   0.19764  -0.1139  0.3099  1.0000  -2.0822   0.0000   0.3454
  14.500   1.0198   0.20472   0.19748  -0.1149  0.3094  1.0000  -2.0520   0.0000   0.3470
  14.600   1.0106   0.20339   0.19613  -0.1161  0.3086  1.0000  -2.0082   0.0000   0.3490
  14.700   0.9962   0.20015   0.19284  -0.1171  0.3072  1.0000  -1.9391   0.0000   0.3515
  14.800   0.9797   0.19621   0.18885  -0.1185  0.3032  1.0000  -1.8575   0.0000   0.3547
  14.900   0.9741   0.19562   0.18825  -0.1194  0.2976  1.0000  -1.8360   0.0000   0.3563
  15.000   0.9741   0.19656   0.18920  -0.1200  0.2928  1.0000  -1.8478   0.0000   0.3567
  15.100   0.9763   0.19794   0.19061  -0.1204  0.2886  1.0000  -1.8734   0.0000   0.3567
  15.200   0.9800   0.19956   0.19227  -0.1207  0.2847  1.0000  -1.9090   0.0000   0.3563
  15.300   0.9853   0.20144   0.19419  -0.1207  0.2813  1.0000  -1.9541   0.0000   0.3556
  15.400   0.9923   0.20370   0.19649  -0.1206  0.2782  1.0000  -2.0107   0.0000   0.3545
  15.500   1.0018   0.20662   0.19947  -0.1203  0.2754  1.0000  -2.0820   0.0000   0.3529
  15.600   1.0152   0.21089   0.20383  -0.1199  0.2729  1.0000  -2.1754   0.0000   0.3507
  15.700   1.0388   0.21943   0.21249  -0.1191  0.2704  1.0000  -2.3232   0.0000   0.3472
  15.800   1.0576   0.23401   0.22714  -0.1187  0.2675  1.0000  -2.4344   0.0000   0.3447
  15.900   1.0520   0.23357   0.22669  -0.1199  0.2672  1.0000  -2.4048   0.0000   0.3463
  16.000   1.0447   0.23248   0.22558  -0.1212  0.2667  1.0000  -2.3655   0.0000   0.3482
  16.100   1.0349   0.23051   0.22358  -0.1224  0.2660  1.0000  -2.3155   0.0000   0.3503
  16.200   1.0233   0.22785   0.22088  -0.1237  0.2649  1.0000  -2.2559   0.0000   0.3527
  16.300   1.0110   0.22493   0.21792  -0.1252  0.2627  1.0000  -2.1902   0.0000   0.3555
  16.400   1.0025   0.22328   0.21625  -0.1267  0.2580  1.0000  -2.1442   0.0000   0.3578
  16.500   1.0008   0.22368   0.21666  -0.1275  0.2515  1.0000  -2.1437   0.0000   0.3587
  16.600   1.0042   0.22486   0.21788  -0.1276  0.2443  1.0000  -2.1809   0.0000   0.3582
  16.700   1.0141   0.22680   0.21989  -0.1267  0.2372  1.0000  -2.2665   0.0000   0.3559
  16.800   1.0252   0.23002   0.22318  -0.1259  0.2337  1.0000  -2.3504   0.0000   0.3536
  16.900   1.0528   0.23905   0.23236  -0.1239  0.2297  1.0000  -2.5270   0.0000   0.3483
  17.000   1.0754   0.25634   0.25026  -0.1230  0.2269  1.0000  -2.6276   0.0000   0.3450
  17.100   1.0718   0.25696   0.25087  -0.1242  0.2267  1.0000  -2.6002   0.0000   0.3463
  17.200   1.0673   0.25712   0.25102  -0.1255  0.2264  1.0000  -2.5690   0.0000   0.3478
  17.300   1.0610   0.25659   0.25048  -0.1267  0.2260  1.0000  -2.5310   0.0000   0.3496
  17.400   1.0524   0.25520   0.24905  -0.1279  0.2255  1.0000  -2.4847   0.0000   0.3515
  17.500   1.0425   0.25323   0.24705  -0.1293  0.2246  1.0000  -2.4323   0.0000   0.3538
  17.600   1.0319   0.25094   0.24470  -0.1309  0.2230  1.0000  -2.3757   0.0000   0.3565
  17.700   1.0233   0.24919   0.24246  -0.1326  0.2194  1.0000  -2.3300   0.0000   0.3590
  17.800   1.0205   0.24994   0.24322  -0.1337  0.2154  1.0000  -2.3118   0.0000   0.3602
  17.900   1.0204   0.25148   0.24478  -0.1344  0.2116  1.0000  -2.3103   0.0000   0.3608
  18.000   1.0212   0.25361   0.24741  -0.1349  0.2082  1.0000  -2.3012   0.0000   0.3610
  18.100   1.0231   0.25563   0.24947  -0.1352  0.2049  1.0000  -2.3085   0.0000   0.3609
  18.200   1.0259   0.25779   0.25168  -0.1353  0.2019  1.0000  -2.3215   0.0000   0.3605
  18.300   1.0301   0.26020   0.25413  -0.1353  0.1990  1.0000  -2.3410   0.0000   0.3598
  18.400   1.0703   0.27806   0.27217  -0.1311  0.1880  1.0000  -2.5233   0.0000   0.3509
  18.500   1.0624   0.27735   0.27145  -0.1323  0.1876  1.0000  -2.4764   0.0000   0.3527
  18.600   1.0540   0.27640   0.27047  -0.1336  0.1870  1.0000  -2.4269   0.0000   0.3548
  18.700   1.0450   0.27524   0.26929  -0.1350  0.1860  1.0000  -2.3742   0.0000   0.3571
  18.800   1.0362   0.27419   0.26822  -0.1366  0.1840  1.0000  -2.3203   0.0000   0.3595
  18.900   1.0303   0.27428   0.26830  -0.1380  0.1805  1.0000  -2.2765   0.0000   0.3615
  19.000   1.0280   0.27562   0.26966  -0.1388  0.1762  1.0000  -2.2498   0.0000   0.3625
  19.100   1.0277   0.27747   0.27152  -0.1393  0.1720  1.0000  -2.2337   0.0000   0.3628
  19.200   1.0288   0.27950   0.27359  -0.1395  0.1681  1.0000  -2.2251   0.0000   0.3627
  19.300   1.0315   0.28173   0.27584  -0.1393  0.1644  1.0000  -2.2321   0.0000   0.3620
  19.400   1.0370   0.28444   0.27861  -0.1387  0.1609  1.0000  -2.2598   0.0000   0.3605
  19.500   1.0903   0.30952   0.30382  -0.1341  0.1538  1.0000  -2.4654   0.0000   0.3497
  19.600   1.0866   0.31065   0.30495  -0.1351  0.1536  1.0000  -2.4301   0.0000   0.3509
  19.700   1.0822   0.31144   0.30573  -0.1361  0.1534  1.0000  -2.3929   0.0000   0.3522
  19.800   1.0761   0.31175   0.30604  -0.1370  0.1532  1.0000  -2.3522   0.0000   0.3536
  19.900   1.0683   0.31159   0.30588  -0.1379  0.1530  1.0000  -2.3080   0.0000   0.3552
  20.000   1.0598   0.31120   0.30548  -0.1387  0.1527  1.0000  -2.2615   0.0000   0.3569


