QBlade v0.963 64bit

 Calculated polar for: S4320

 1 1 Reynolds number fixed          Mach number fixed         

 xtrf =   1.000 (top)        1.000 (bottom)
 Mach =   0.000     Re =     0.075 e 6     Ncrit =   9.000

  alpha     CL        CD       CDp       Cm    Top Xtr Bot Xtr   Cpmin    Chinge    XCp    
 ------- -------- --------- --------- -------- ------- ------- -------- --------- ---------
 -10.000  -0.3202   0.12700   0.12122  -0.0250  1.0000  0.0741  -1.2261   0.0000   0.1649
  -9.900  -0.3204   0.12699   0.12124  -0.0262  1.0000  0.0746  -1.2449   0.0000   0.1614
  -9.800  -0.3205   0.12688   0.12117  -0.0274  1.0000  0.0750  -1.2618   0.0000   0.1580
  -9.700  -0.3201   0.12663   0.12095  -0.0284  1.0000  0.0753  -1.2763   0.0000   0.1547
  -9.600  -0.3196   0.12627   0.12061  -0.0294  1.0000  0.0755  -1.2898   0.0000   0.1516
  -9.500  -0.3191   0.12579   0.12016  -0.0303  1.0000  0.0757  -1.3025   0.0000   0.1486
  -9.400  -0.3178   0.12515   0.11955  -0.0312  1.0000  0.0759  -1.3116   0.0000   0.1456
  -9.300  -0.3163   0.12441   0.11884  -0.0320  1.0000  0.0760  -1.3192   0.0000   0.1427
  -9.200  -0.3148   0.12362   0.11808  -0.0327  1.0000  0.0761  -1.3266   0.0000   0.1399
  -9.100  -0.3135   0.12279   0.11728  -0.0335  1.0000  0.0762  -1.3341   0.0000   0.1373
  -9.000  -0.3122   0.12192   0.11644  -0.0341  1.0000  0.0763  -1.3416   0.0000   0.1347
  -8.900  -0.3111   0.12104   0.11559  -0.0348  1.0000  0.0764  -1.3492   0.0000   0.1322
  -8.800  -0.3101   0.12013   0.11472  -0.0354  1.0000  0.0764  -1.3570   0.0000   0.1299
  -8.700  -0.3094   0.11923   0.11385  -0.0360  1.0000  0.0765  -1.3650   0.0000   0.1278
  -8.600  -0.2975   0.10819   0.10281  -0.0334  1.0000  0.0797  -1.3168   0.0000   0.1314
  -8.500  -0.2874   0.10546   0.10006  -0.0319  1.0000  0.0815  -1.2585   0.0000   0.1323
  -8.400  -0.2809   0.10370   0.09831  -0.0313  1.0000  0.0831  -1.2244   0.0000   0.1319
  -8.300  -0.2761   0.10229   0.09692  -0.0310  1.0000  0.0846  -1.2019   0.0000   0.1310
  -8.200  -0.2724   0.10107   0.09571  -0.0309  1.0000  0.0861  -1.1866   0.0000   0.1298
  -8.100  -0.2695   0.09995   0.09462  -0.0309  1.0000  0.0876  -1.1759   0.0000   0.1284
  -8.000  -0.2671   0.09890   0.09360  -0.0311  1.0000  0.0891  -1.1687   0.0000   0.1271
  -7.900  -0.2653   0.09791   0.09264  -0.0312  1.0000  0.0906  -1.1644   0.0000   0.1258
  -7.800  -0.2640   0.09699   0.09175  -0.0314  1.0000  0.0922  -1.1626   0.0000   0.1246
  -7.700  -0.2634   0.09613   0.09094  -0.0315  1.0000  0.0937  -1.1633   0.0000   0.1238
  -7.600  -0.2635   0.09537   0.09021  -0.0316  1.0000  0.0953  -1.1669   0.0000   0.1236
  -7.500  -0.2646   0.09464   0.08941  -0.0316  1.0000  0.0964  -1.1722   0.0000   0.1242
  -7.400  -0.2670   0.09413   0.08895  -0.0315  1.0000  0.0977  -1.1788   0.0000   0.1262
  -7.300  -0.2711   0.09380   0.08868  -0.0310  1.0000  0.0987  -1.1876   0.0000   0.1301
  -7.200  -0.2770   0.09363   0.08858  -0.0301  1.0000  0.0995  -1.1979   0.0000   0.1359
  -7.100  -0.2847   0.09361   0.08862  -0.0288  1.0000  0.1000  -1.2090   0.0000   0.1438
  -7.000  -0.2938   0.09368   0.08876  -0.0271  1.0000  0.1002  -1.2204   0.0000   0.1529
  -6.900  -0.3035   0.09380   0.08894  -0.0252  1.0000  0.1004  -1.2317   0.0000   0.1623
  -6.800  -0.3139   0.09407   0.08941  -0.0234  1.0000  0.1007  -1.2435   0.0000   0.1711
  -6.700  -0.3229   0.09412   0.08950  -0.0220  1.0000  0.1009  -1.2544   0.0000   0.1778
  -6.600  -0.3311   0.09410   0.08954  -0.0209  1.0000  0.1012  -1.2660   0.0000   0.1831
  -6.500  -0.3388   0.09406   0.08954  -0.0200  1.0000  0.1016  -1.2782   0.0000   0.1873
  -6.400  -0.3459   0.09400   0.08952  -0.0194  1.0000  0.1021  -1.2914   0.0000   0.1904
  -6.300  -0.3526   0.09394   0.08950  -0.0192  1.0000  0.1028  -1.3061   0.0000   0.1923
  -6.200  -0.3586   0.09392   0.08952  -0.0194  1.0000  0.1034  -1.3232   0.0000   0.1928
  -6.100  -0.3637   0.09401   0.08963  -0.0202  1.0000  0.1043  -1.3435   0.0000   0.1915
  -6.000  -0.3674   0.09430   0.08995  -0.0218  1.0000  0.1052  -1.3679   0.0000   0.1878
  -5.900  -0.3695   0.09464   0.09028  -0.0240  1.0000  0.1061  -1.3946   0.0000   0.1822
  -5.800  -0.3696   0.09480   0.09043  -0.0259  1.0000  0.1067  -1.4140   0.0000   0.1772
  -5.700  -0.3558   0.09427   0.08982  -0.0309  0.9974  0.1074  -1.4255   0.0000   0.1604
  -5.600  -0.3407   0.09295   0.08842  -0.0355  0.9940  0.1078  -1.4314   0.0000   0.1431
  -5.500  -0.3469   0.08600   0.08161  -0.0362  0.9926  0.1099  -1.4671   0.0000   0.1428
  -5.400  -0.3470   0.08314   0.07869  -0.0319  0.9916  0.1123  -1.4055   0.0000   0.1554
  -5.300  -0.3464   0.08281   0.07846  -0.0222  0.9915  0.1211  -1.2605   0.0000   0.1830
  -5.200  -0.3317   0.08212   0.07775  -0.0255  0.9883  0.1337  -1.2186   0.0000   0.1703
  -5.000  -0.2980   0.07853   0.07398  -0.0444  0.9783  0.1472  -1.2940   0.0000   0.0980
  -4.900  -0.3000   0.07642   0.07201  -0.0375  0.9774  0.1518  -1.2065   0.0000   0.1218
  -4.800  -0.2920   0.07525   0.07088  -0.0353  0.9754  0.1566  -1.1542   0.0000   0.1259
  -4.700  -0.2787   0.07386   0.06949  -0.0366  0.9731  0.1615  -1.1254   0.0000   0.1155
  -4.600  -0.2678   0.07263   0.06824  -0.0385  0.9696  0.1665  -1.1111   0.0000   0.1028
  -4.500  -0.2553   0.07162   0.06719  -0.0422  0.9647  0.1734  -1.1079   0.0000   0.0815
  -4.400  -0.2248   0.07052   0.06581  -0.0568  0.9583  0.1874  -1.1636   0.0000  -0.0065
  -4.300  -0.2197   0.06755   0.06294  -0.0555  0.9563  0.1900  -1.1350   0.0000  -0.0063
  -4.200  -0.2110   0.06567   0.06112  -0.0545  0.9542  0.1932  -1.1006   0.0000  -0.0123
  -4.100  -0.1993   0.06425   0.05974  -0.0540  0.9523  0.1972  -1.0648   0.0000  -0.0252
  -4.000  -0.1901   0.06322   0.05872  -0.0540  0.9493  0.2018  -1.0406   0.0000  -0.0381
  -3.900  -0.1854   0.06246   0.05795  -0.0538  0.9448  0.2063  -1.0279   0.0000  -0.0444
  -3.800  -0.1744   0.06168   0.05714  -0.0556  0.9407  0.2143  -1.0160   0.0000  -0.0730
  -3.700  -0.1517   0.06039   0.05565  -0.0643  0.9362  0.2344  -1.0324   0.0000  -0.1788
  -3.600  -0.1453   0.05851   0.05385  -0.0633  0.9338  0.2376  -1.0086   0.0000  -0.1907
  -3.500  -0.1361   0.05715   0.05253  -0.0627  0.9316  0.2417  -0.9823   0.0000  -0.2157
  -3.400  -0.1243   0.05606   0.05146  -0.0626  0.9294  0.2475  -0.9556   0.0000  -0.2601
  -3.300  -0.1075   0.05513   0.05051  -0.0643  0.9274  0.2577  -0.9312   0.0000  -0.3546
  -3.200  -0.0842   0.05374   0.04901  -0.0701  0.9254  0.2857  -0.9185   0.0000  -0.5913
  -3.100  -0.0861   0.05296   0.04827  -0.0681  0.9212  0.2880  -0.9104   0.0000  -0.5489
  -3.000  -0.0848   0.05219   0.04754  -0.0665  0.9170  0.2914  -0.8991   0.0000  -0.5423
  -2.900  -0.0789   0.05139   0.04676  -0.0657  0.9132  0.2964  -0.8841   0.0000  -0.5913
  -2.800  -0.0682   0.05060   0.04597  -0.0660  0.9096  0.3044  -0.8676   0.0000  -0.7269
  -2.700  -0.0528   0.04984   0.04514  -0.0687  0.9061  0.3376  -0.8502   0.0000  -1.0627
  -2.600  -0.0423   0.04843   0.04378  -0.0682  0.9034  0.3431  -0.8316   0.0000  -1.3779
  -2.500  -0.0270   0.04728   0.04263  -0.0689  0.9009  0.3508  -0.8126   0.0000  -2.3200
  -2.400  -0.0050   0.04611   0.04142  -0.0716  0.8987  0.3604  -0.7960   0.0000  -14.0682
  -2.300   0.0241   0.04407   0.03926  -0.0770  0.8968  0.3573  -0.7906   0.0000   3.4745
  -2.200   0.1404   0.03129   0.02327  -0.1028  0.8985  0.0848  -1.3129   0.0000   0.9870
  -2.100   0.1631   0.03031   0.02200  -0.1044  0.8967  0.0824  -1.3126   0.0000   0.8945
  -2.000   0.1859   0.02951   0.02098  -0.1061  0.8950  0.0812  -1.3007   0.0000   0.8244
  -1.900   0.1894   0.02929   0.02068  -0.1049  0.8903  0.0809  -1.2961   0.0000   0.8071
  -1.800   0.1939   0.02903   0.02035  -0.1038  0.8854  0.0808  -1.2905   0.0000   0.7885
  -1.700   0.2042   0.02859   0.01982  -0.1037  0.8817  0.0810  -1.2813   0.0000   0.7605
  -1.600   0.2170   0.02807   0.01923  -0.1039  0.8784  0.0816  -1.2706   0.0000   0.7313
  -1.500   0.2313   0.02753   0.01863  -0.1043  0.8755  0.0830  -1.2587   0.0000   0.7033
  -1.400   0.2467   0.02702   0.01809  -0.1049  0.8729  0.0856  -1.2455   0.0000   0.6772
  -1.300   0.2632   0.02659   0.01749  -0.1056  0.8704  0.0886  -1.2210   0.0000   0.6528
  -1.200   0.2809   0.02615   0.01702  -0.1064  0.8682  0.0958  -1.2185   0.0000   0.6303
  -1.100   0.2995   0.02547   0.01628  -0.1071  0.8662  0.1138  -1.2606   0.0000   0.6090
  -1.000   0.3097   0.02241   0.01577  -0.1062  0.8655  0.6853  -1.4178   0.0000   0.5940
  -0.800   0.3489   0.02198   0.01534  -0.1076  0.8609  1.0000  -1.2809   0.0000   0.5591
  -0.700   0.3582   0.02221   0.01544  -0.1074  0.8569  1.0000  -1.2291   0.0000   0.5503
  -0.600   0.3584   0.02249   0.01564  -0.1059  0.8504  1.0000  -1.2027   0.0000   0.5460
  -0.500   0.3663   0.02268   0.01572  -0.1055  0.8451  1.0000  -1.1531   0.0000   0.5384
  -0.400   0.3779   0.02281   0.01573  -0.1056  0.8407  1.0000  -1.0917   0.0000   0.5296
  -0.300   0.3917   0.02291   0.01571  -0.1060  0.8368  1.0000  -1.0235   0.0000   0.5206
  -0.200   0.4068   0.02299   0.01568  -0.1066  0.8335  1.0000  -0.9516   0.0000   0.5118
  -0.100   0.4221   0.02308   0.01566  -0.1072  0.8307  1.0000  -0.8792   0.0000   0.5036
   0.000   0.4376   0.02317   0.01565  -0.1077  0.8280  1.0000  -0.8070   0.0000   0.4958
   0.100   0.4536   0.02325   0.01564  -0.1083  0.8255  1.0000  -0.7340   0.0000   0.4883
   0.200   0.4698   0.02335   0.01565  -0.1089  0.8232  1.0000  -0.6870   0.0000   0.4811
   0.300   0.4856   0.02353   0.01574  -0.1094  0.8208  1.0000  -0.7006   0.0000   0.4744
   0.400   0.4821   0.02400   0.01619  -0.1078  0.8137  1.0000  -0.6992   0.0000   0.4728
   0.500   0.4870   0.02429   0.01644  -0.1071  0.8078  1.0000  -0.7044   0.0000   0.4690
   0.600   0.4964   0.02446   0.01655  -0.1069  0.8027  1.0000  -0.7146   0.0000   0.4643
   0.700   0.5086   0.02454   0.01658  -0.1070  0.7983  1.0000  -0.7272   0.0000   0.4591
   0.800   0.5226   0.02456   0.01655  -0.1072  0.7945  1.0000  -0.7413   0.0000   0.4538
   0.900   0.5372   0.02456   0.01649  -0.1074  0.7911  1.0000  -0.7560   0.0000   0.4485
   1.000   0.5519   0.02457   0.01644  -0.1077  0.7880  1.0000  -0.7710   0.0000   0.4435
   1.100   0.5666   0.02458   0.01641  -0.1079  0.7853  1.0000  -0.7861   0.0000   0.4387
   1.200   0.5816   0.02463   0.01640  -0.1081  0.7829  1.0000  -0.8014   0.0000   0.4340
   1.300   0.5963   0.02473   0.01644  -0.1082  0.7804  1.0000  -0.8167   0.0000   0.4295
   1.400   0.5994   0.02521   0.01689  -0.1075  0.7746  1.0000  -0.8216   0.0000   0.4274
   1.500   0.6020   0.02564   0.01720  -0.1068  0.7677  1.0000  -0.8272   0.0000   0.4253
   1.600   0.6097   0.02587   0.01741  -0.1064  0.7620  1.0000  -0.8379   0.0000   0.4223
   1.700   0.6206   0.02596   0.01747  -0.1062  0.7571  1.0000  -0.8517   0.0000   0.4189
   1.800   0.6334   0.02595   0.01742  -0.1061  0.7530  1.0000  -0.8675   0.0000   0.4152
   1.900   0.6468   0.02590   0.01734  -0.1061  0.7492  1.0000  -0.8840   0.0000   0.4115
   2.000   0.6605   0.02583   0.01723  -0.1060  0.7459  1.0000  -0.9011   0.0000   0.4079
   2.100   0.6747   0.02576   0.01712  -0.1059  0.7429  1.0000  -0.9186   0.0000   0.4043
   2.200   0.6889   0.02571   0.01704  -0.1058  0.7402  1.0000  -0.9362   0.0000   0.4009
   2.300   0.7027   0.02573   0.01701  -0.1057  0.7376  1.0000  -0.9537   0.0000   0.3975
   2.400   0.7126   0.02601   0.01737  -0.1053  0.7337  1.0000  -0.9670   0.0000   0.3949
   2.500   0.7132   0.02665   0.01804  -0.1048  0.7257  1.0000  -0.9699   0.0000   0.3939
   2.600   0.7195   0.02697   0.01836  -0.1044  0.7192  1.0000  -0.9812   0.0000   0.3919
   2.700   0.7294   0.02707   0.01844  -0.1041  0.7137  1.0000  -0.9968   0.0000   0.3894
   2.800   0.7413   0.02702   0.01837  -0.1038  0.7091  1.0000  -1.0149   0.0000   0.3867
   2.900   0.7538   0.02691   0.01824  -0.1035  0.7049  1.0000  -1.0340   0.0000   0.3838
   3.000   0.7673   0.02674   0.01805  -0.1032  0.7013  1.0000  -1.0543   0.0000   0.3810
   3.100   0.7812   0.02656   0.01784  -0.1029  0.6980  1.0000  -1.0752   0.0000   0.3781
   3.200   0.7949   0.02642   0.01767  -0.1026  0.6951  1.0000  -1.0960   0.0000   0.3754
   3.300   0.8084   0.02636   0.01759  -0.1024  0.6922  1.0000  -1.1167   0.0000   0.3728
   3.400   0.8203   0.02656   0.01775  -0.1020  0.6887  1.0000  -1.1353   0.0000   0.3704
   3.500   0.8214   0.02724   0.01851  -0.1017  0.6808  1.0000  -1.1399   0.0000   0.3697
   3.600   0.8273   0.02762   0.01891  -0.1013  0.6737  1.0000  -1.1508   0.0000   0.3682
   3.700   0.8368   0.02771   0.01901  -0.1009  0.6679  1.0000  -1.1680   0.0000   0.3663
   3.800   0.8479   0.02765   0.01894  -0.1005  0.6626  1.0000  -1.1891   0.0000   0.3642
   3.900   0.8606   0.02744   0.01873  -0.1001  0.6581  1.0000  -1.2126   0.0000   0.3618
   4.000   0.8740   0.02716   0.01843  -0.0997  0.6542  1.0000  -1.2375   0.0000   0.3595
   4.100   0.8879   0.02685   0.01810  -0.0993  0.6506  1.0000  -1.2632   0.0000   0.3571
   4.200   0.9022   0.02658   0.01780  -0.0989  0.6472  1.0000  -1.2895   0.0000   0.3548
   4.300   0.9159   0.02648   0.01767  -0.0985  0.6437  1.0000  -1.3150   0.0000   0.3526
   4.400   0.9224   0.02693   0.01815  -0.0981  0.6377  1.0000  -1.3295   0.0000   0.3514
   4.500   0.9268   0.02742   0.01871  -0.0977  0.6299  1.0000  -1.3410   0.0000   0.3503
   4.600   0.9345   0.02763   0.01896  -0.0973  0.6229  1.0000  -1.3576   0.0000   0.3489
   4.700   0.9448   0.02759   0.01893  -0.0969  0.6169  1.0000  -1.3810   0.0000   0.3472
   4.800   0.9568   0.02736   0.01870  -0.0964  0.6117  1.0000  -1.4089   0.0000   0.3453
   4.900   0.9704   0.02700   0.01832  -0.0959  0.6071  1.0000  -1.4395   0.0000   0.3433
   5.000   0.9848   0.02659   0.01789  -0.0955  0.6028  1.0000  -1.4717   0.0000   0.3413
   5.100   0.9992   0.02625   0.01751  -0.0951  0.5987  1.0000  -1.5042   0.0000   0.3394
   5.200   1.0123   0.02627   0.01747  -0.0947  0.5938  1.0000  -1.5343   0.0000   0.3376
   5.300   1.0163   0.02672   0.01804  -0.0943  0.5865  1.0000  -1.5484   0.0000   0.3367
   5.400   1.0222   0.02708   0.01847  -0.0938  0.5786  1.0000  -1.5660   0.0000   0.3356
   5.500   1.0313   0.02715   0.01858  -0.0933  0.5717  1.0000  -1.5892   0.0000   0.3342
   5.600   1.0428   0.02699   0.01842  -0.0929  0.5655  1.0000  -1.6170   0.0000   0.3327
   5.700   1.0561   0.02665   0.01841  -0.0925  0.5598  1.0000  -1.6480   0.0000   0.3310
   5.800   1.0703   0.02624   0.01797  -0.0921  0.5546  1.0000  -1.6861   0.0000   0.3293
   5.900   1.0843   0.02594   0.01761  -0.0917  0.5492  1.0000  -1.7260   0.0000   0.3277
   6.000   1.0941   0.02614   0.01780  -0.0913  0.5426  1.0000  -1.7565   0.0000   0.3265
   6.100   1.0993   0.02648   0.01826  -0.0907  0.5343  1.0000  -1.7777   0.0000   0.3254
   6.200   1.1075   0.02658   0.01841  -0.0902  0.5261  1.0000  -1.8054   0.0000   0.3242
   6.300   1.1183   0.02646   0.01830  -0.0897  0.5187  1.0000  -1.8386   0.0000   0.3229
   6.400   1.1306   0.02622   0.01803  -0.0893  0.5121  1.0000  -1.8753   0.0000   0.3216
   6.500   1.1435   0.02597   0.01773  -0.0890  0.5060  1.0000  -1.9135   0.0000   0.3202
   6.600   1.1570   0.02587   0.01753  -0.0887  0.4995  1.0000  -1.9529   0.0000   0.3189
   6.700   1.1645   0.02622   0.01794  -0.0882  0.4921  1.0000  -1.9789   0.0000   0.3179
   6.800   1.1708   0.02649   0.01831  -0.0877  0.4837  1.0000  -2.0031   0.0000   0.3169
   6.900   1.1797   0.02654   0.01840  -0.0872  0.4751  1.0000  -2.0331   0.0000   0.3157
   7.000   1.1906   0.02639   0.01822  -0.0867  0.4670  1.0000  -2.0681   0.0000   0.3145
   7.100   1.2025   0.02617   0.01793  -0.0863  0.4594  1.0000  -2.1060   0.0000   0.3133
   7.200   1.2158   0.02616   0.01777  -0.0860  0.4512  1.0000  -2.1558   0.0000   0.3121
   7.300   1.2227   0.02654   0.01822  -0.0855  0.4434  1.0000  -2.1883   0.0000   0.3112
   7.400   1.2293   0.02682   0.01860  -0.0849  0.4351  1.0000  -2.2204   0.0000   0.3102
   7.500   1.2378   0.02698   0.01880  -0.0845  0.4267  1.0000  -2.2577   0.0000   0.3092
   7.600   1.2477   0.02700   0.01880  -0.0840  0.4186  1.0000  -2.2995   0.0000   0.3082
   7.700   1.2586   0.02699   0.01870  -0.0836  0.4107  1.0000  -2.3447   0.0000   0.3071
   7.800   1.2707   0.02739   0.01891  -0.0835  0.4012  1.0000  -2.3913   0.0000   0.3062
   7.900   1.2759   0.02771   0.01940  -0.0828  0.3942  1.0000  -2.4535   0.0000   0.3053
   8.000   1.2825   0.02798   0.01975  -0.0822  0.3857  1.0000  -2.5381   0.0000   0.3043
   8.100   1.2908   0.02811   0.01988  -0.0816  0.3769  1.0000  -2.6348   0.0000   0.3033
   8.200   1.3000   0.02817   0.01989  -0.0811  0.3686  1.0000  -2.7395   0.0000   0.3023
   8.300   1.3111   0.02844   0.01998  -0.0808  0.3596  1.0000  -2.8561   0.0000   0.3014
   8.400   1.3186   0.02903   0.02059  -0.0804  0.3517  1.0000  -2.9477   0.0000   0.3006
   8.500   1.3242   0.02943   0.02113  -0.0798  0.3448  1.0000  -3.0291   0.0000   0.2997
   8.600   1.3310   0.02979   0.02156  -0.0792  0.3372  1.0000  -3.1195   0.0000   0.2988
   8.700   1.3390   0.03005   0.02181  -0.0787  0.3295  1.0000  -3.2198   0.0000   0.2979
   8.800   1.3476   0.03028   0.02198  -0.0782  0.3220  1.0000  -3.3268   0.0000   0.2970
   8.900   1.3589   0.03096   0.02246  -0.0781  0.3123  1.0000  -3.4488   0.0000   0.2963
   9.000   1.3640   0.03150   0.02311  -0.0774  0.3062  1.0000  -3.5308   0.0000   0.2955
   9.100   1.3688   0.03190   0.02364  -0.0767  0.2996  1.0000  -3.6131   0.0000   0.2946
   9.200   1.3747   0.03224   0.02403  -0.0760  0.2921  1.0000  -3.7054   0.0000   0.2937
   9.300   1.3819   0.03248   0.02426  -0.0754  0.2847  1.0000  -3.8082   0.0000   0.2928
   9.400   1.3897   0.03278   0.02498  -0.0749  0.2772  1.0000  -3.9212   0.0000   0.2920
   9.500   1.4008   0.03394   0.02594  -0.0750  0.2675  1.0000  -4.0393   0.0000   0.2914
   9.600   1.4043   0.03440   0.02659  -0.0741  0.2633  1.0000  -4.1130   0.0000   0.2905
   9.700   1.4085   0.03494   0.02728  -0.0733  0.2580  1.0000  -4.1911   0.0000   0.2897
   9.800   1.4135   0.03547   0.02792  -0.0726  0.2521  1.0000  -4.2766   0.0000   0.2888
   9.900   1.4196   0.03594   0.02843  -0.0720  0.2461  1.0000  -4.3713   0.0000   0.2880
  10.000   1.4266   0.03636   0.02883  -0.0714  0.2402  1.0000  -4.4747   0.0000   0.2872
  10.100   1.4348   0.03693   0.02932  -0.0711  0.2338  1.0000  -4.5877   0.0000   0.2865
  10.200   1.4437   0.03848   0.03080  -0.0711  0.2261  1.0000  -4.6922   0.0000   0.2860
  10.300   1.4457   0.03896   0.03146  -0.0701  0.2225  1.0000  -4.7608   0.0000   0.2851
  10.400   1.4478   0.03953   0.03217  -0.0691  0.2180  1.0000  -4.8306   0.0000   0.2842
  10.500   1.4509   0.04006   0.03280  -0.0682  0.2128  1.0000  -4.9086   0.0000   0.2834
  10.600   1.4551   0.04048   0.03327  -0.0674  0.2074  1.0000  -4.9980   0.0000   0.2825
  10.700   1.4608   0.04081   0.03357  -0.0668  0.2019  1.0000  -5.1011   0.0000   0.2817
  10.800   1.4677   0.04127   0.03396  -0.0663  0.1965  1.0000  -5.2129   0.0000   0.2810
  10.900   1.4774   0.04345   0.03603  -0.0666  0.1889  1.0000  -5.3198   0.0000   0.2808
  11.000   1.4784   0.04406   0.03682  -0.0656  0.1868  1.0000  -5.3809   0.0000   0.2799
  11.100   1.4792   0.04480   0.03772  -0.0645  0.1841  1.0000  -5.4390   0.0000   0.2790
  11.200   1.4793   0.04564   0.03871  -0.0635  0.1812  1.0000  -5.4920   0.0000   0.2782
  11.300   1.4796   0.04652   0.03972  -0.0625  0.1781  1.0000  -5.5460   0.0000   0.2773
  11.400   1.4804   0.04738   0.04069  -0.0615  0.1748  1.0000  -5.6108   0.0000   0.2765
  11.500   1.4820   0.04820   0.04159  -0.0607  0.1715  1.0000  -5.6847   0.0000   0.2757
  11.600   1.4848   0.04888   0.04232  -0.0599  0.1680  1.0000  -5.7711   0.0000   0.2749
  11.700   1.4903   0.04936   0.04278  -0.0593  0.1641  1.0000  -5.8843   0.0000   0.2742
  11.800   1.4986   0.05006   0.04340  -0.0590  0.1591  1.0000  -6.0213   0.0000   0.2736
  11.900   1.4998   0.05318   0.04652  -0.0589  0.1538  1.0000  -6.0679   0.0000   0.2734
  12.000   1.4955   0.05372   0.04721  -0.0575  0.1525  1.0000  -6.1025   0.0000   0.2724
  12.100   1.4904   0.05442   0.04803  -0.0561  0.1511  1.0000  -6.1289   0.0000   0.2714
  12.200   1.4849   0.05526   0.04899  -0.0547  0.1495  1.0000  -6.1508   0.0000   0.2705
  12.300   1.4793   0.05620   0.05005  -0.0536  0.1477  1.0000  -6.1701   0.0000   0.2697
  12.400   1.4737   0.05723   0.05118  -0.0525  0.1458  1.0000  -6.1894   0.0000   0.2689
  12.500   1.4679   0.05835   0.05240  -0.0516  0.1439  1.0000  -6.2055   0.0000   0.2683
  12.600   1.4617   0.05957   0.05371  -0.0508  0.1421  1.0000  -6.2176   0.0000   0.2677
  12.700   1.4560   0.06083   0.05506  -0.0501  0.1402  1.0000  -6.2326   0.0000   0.2672
  12.800   1.4506   0.06217   0.05649  -0.0495  0.1384  1.0000  -6.2476   0.0000   0.2667
  12.900   1.4458   0.06354   0.05794  -0.0490  0.1366  1.0000  -6.2667   0.0000   0.2663
  13.000   1.4430   0.06475   0.05921  -0.0485  0.1345  1.0000  -6.3029   0.0000   0.2659
  13.100   1.4497   0.06509   0.05952  -0.0480  0.1306  1.0000  -6.4238   0.0000   0.2652
  13.200   1.4629   0.06620   0.06049  -0.0477  0.1239  1.0000  -6.5883   0.0000   0.2645
  13.300   1.4523   0.06884   0.06323  -0.0474  0.1229  1.0000  -6.5446   0.0000   0.2644
  13.400   1.4406   0.07136   0.06587  -0.0472  0.1224  1.0000  -6.4939   0.0000   0.2643
  13.500   1.4286   0.07386   0.06847  -0.0471  0.1222  1.0000  -6.4406   0.0000   0.2644
  13.600   1.4163   0.07630   0.07102  -0.0472  0.1221  1.0000  -6.3860   0.0000   0.2646
  13.700   1.4038   0.07882   0.07363  -0.0474  0.1220  1.0000  -6.3291   0.0000   0.2649
  13.800   1.3911   0.08141   0.07631  -0.0478  0.1221  1.0000  -6.2696   0.0000   0.2653
  13.900   1.3783   0.08407   0.07906  -0.0484  0.1222  1.0000  -6.2071   0.0000   0.2659
  14.000   1.3653   0.08684   0.08191  -0.0493  0.1223  1.0000  -6.1409   0.0000   0.2667
  14.100   1.3519   0.08969   0.08484  -0.0503  0.1226  1.0000  -6.0698   0.0000   0.2677
  14.200   1.3380   0.09270   0.08792  -0.0516  0.1229  1.0000  -5.9907   0.0000   0.2689
  14.300   1.3221   0.09595   0.09124  -0.0534  0.1238  1.0000  -5.8910   0.0000   0.2705
  14.400   1.3820   0.08392   0.07893  -0.0485  0.0998  1.0000  -6.6536   0.0000   0.2646
  14.500   1.3718   0.08662   0.08171  -0.0494  0.0995  1.0000  -6.6053   0.0000   0.2653
  14.600   1.3619   0.08932   0.08448  -0.0503  0.0990  1.0000  -6.5587   0.0000   0.2661
  14.700   1.3523   0.09205   0.08728  -0.0514  0.0985  1.0000  -6.5118   0.0000   0.2670
  14.800   1.3429   0.09478   0.09006  -0.0525  0.0978  1.0000  -6.4671   0.0000   0.2679
  14.900   1.3339   0.09752   0.09285  -0.0536  0.0970  1.0000  -6.4238   0.0000   0.2688
  15.000   1.3256   0.10028   0.09563  -0.0546  0.0955  1.0000  -6.3856   0.0000   0.2696
  15.200   1.0725   0.17611   0.17090  -0.1005  0.1575  1.0000  -3.0702   0.0000   0.3254
  15.300   1.0693   0.17920   0.17399  -0.1021  0.1577  1.0000  -3.0317   0.0000   0.3271
  15.400   1.0667   0.18218   0.17697  -0.1036  0.1579  1.0000  -2.9997   0.0000   0.3286
  15.500   1.0658   0.18493   0.17973  -0.1047  0.1578  1.0000  -2.9854   0.0000   0.3297
  15.600   1.0702   0.18714   0.18200  -0.1047  0.1571  1.0000  -3.0303   0.0000   0.3291
  15.700   1.0777   0.18959   0.18452  -0.1041  0.1561  1.0000  -3.1066   0.0000   0.3276
  15.800   1.2935   0.11272   0.10812  -0.0629  0.0708  1.0000  -6.5038   0.0000   0.2753
  16.100   1.0682   0.22118   0.21611  -0.1129  0.1887  1.0000  -2.7771   0.0000   0.3371
  16.200   1.0674   0.22327   0.21821  -0.1141  0.1886  1.0000  -2.7629   0.0000   0.3381
  16.300   1.0662   0.22507   0.22002  -0.1153  0.1884  1.0000  -2.7453   0.0000   0.3392
  16.400   1.0624   0.22635   0.22129  -0.1168  0.1881  1.0000  -2.7125   0.0000   0.3409
  16.500   1.0575   0.22706   0.22198  -0.1184  0.1876  1.0000  -2.6729   0.0000   0.3428
  16.600   1.0454   0.22539   0.21987  -0.1209  0.1862  1.0000  -2.5850   0.0000   0.3464
  16.700   1.0308   0.22339   0.21781  -0.1237  0.1833  1.0000  -2.4795   0.0000   0.3506
  16.800   1.0249   0.22380   0.21821  -0.1256  0.1788  1.0000  -2.4333   0.0000   0.3530
  16.900   1.0243   0.22535   0.21977  -0.1266  0.1751  1.0000  -2.4289   0.0000   0.3539
  17.000   1.0254   0.22711   0.22156  -0.1273  0.1720  1.0000  -2.4383   0.0000   0.3542
  17.100   1.0274   0.22893   0.22340  -0.1277  0.1692  1.0000  -2.4558   0.0000   0.3543
  17.200   1.0301   0.23079   0.22528  -0.1280  0.1668  1.0000  -2.4800   0.0000   0.3541
  17.300   1.0326   0.23292   0.22783  -0.1283  0.1652  1.0000  -2.4935   0.0000   0.3539
  17.400   1.0370   0.23494   0.22991  -0.1283  0.1630  1.0000  -2.5237   0.0000   0.3532
  17.500   1.0443   0.23716   0.23219  -0.1277  0.1605  1.0000  -2.5789   0.0000   0.3515
  17.600   1.0733   0.24971   0.24490  -0.1231  0.1531  1.0000  -2.7699   0.0000   0.3437
  17.700   1.0692   0.25086   0.24603  -0.1246  0.1527  1.0000  -2.7244   0.0000   0.3455
  17.800   1.0638   0.25144   0.24660  -0.1263  0.1522  1.0000  -2.6728   0.0000   0.3476
  17.900   1.0558   0.25135   0.24648  -0.1283  0.1513  1.0000  -2.6120   0.0000   0.3501
  18.000   1.0466   0.25094   0.24604  -0.1305  0.1497  1.0000  -2.5428   0.0000   0.3532
  18.100   1.0397   0.25130   0.24637  -0.1327  0.1462  1.0000  -2.4822   0.0000   0.3560
  18.200   1.0379   0.25286   0.24794  -0.1339  0.1417  1.0000  -2.4536   0.0000   0.3573
  18.300   1.0386   0.25471   0.24981  -0.1345  0.1373  1.0000  -2.4435   0.0000   0.3576
  18.400   1.0416   0.25652   0.25166  -0.1345  0.1330  1.0000  -2.4486   0.0000   0.3570
  18.500   1.0503   0.25837   0.25357  -0.1331  0.1282  1.0000  -2.5040   0.0000   0.3544
  18.600   1.0789   0.27250   0.26779  -0.1279  0.1216  1.0000  -2.6493   0.0000   0.3460
  18.700   1.0760   0.27395   0.26923  -0.1292  0.1213  1.0000  -2.6048   0.0000   0.3474
  18.800   1.0715   0.27513   0.27041  -0.1307  0.1209  1.0000  -2.5552   0.0000   0.3492
  18.900   1.0662   0.27600   0.27126  -0.1322  0.1205  1.0000  -2.5031   0.0000   0.3511
  19.000   1.0596   0.27670   0.27195  -0.1338  0.1199  1.0000  -2.4481   0.0000   0.3533
  19.100   1.0527   0.27733   0.27256  -0.1355  0.1191  1.0000  -2.3903   0.0000   0.3556
  19.200   1.0460   0.27805   0.27327  -0.1373  0.1176  1.0000  -2.3302   0.0000   0.3580
  19.300   1.0408   0.27918   0.27439  -0.1391  0.1143  1.0000  -2.2765   0.0000   0.3603
  19.400   1.0400   0.28030   0.27552  -0.1399  0.1064  1.0000  -2.2681   0.0000   0.3609
  19.500   1.0750   0.28935   0.28468  -0.1323  0.0932  1.0000  -2.5343   0.0000   0.3490
  19.600   1.0743   0.29214   0.28748  -0.1331  0.0932  1.0000  -2.5030   0.0000   0.3497
  19.700   1.0734   0.29483   0.29017  -0.1338  0.0931  1.0000  -2.4726   0.0000   0.3504
  19.800   1.0722   0.29739   0.29274  -0.1346  0.0930  1.0000  -2.4428   0.0000   0.3511
  19.900   1.0709   0.29982   0.29518  -0.1353  0.0929  1.0000  -2.4134   0.0000   0.3518
  20.000   1.0683   0.30202   0.29738  -0.1361  0.0928  1.0000  -2.3795   0.0000   0.3528


