QBlade v0.963 64bit

 Calculated polar for: S4320

 1 1 Reynolds number fixed          Mach number fixed         

 xtrf =   1.000 (top)        1.000 (bottom)
 Mach =   0.000     Re =     0.100 e 6     Ncrit =   9.000

  alpha     CL        CD       CDp       Cm    Top Xtr Bot Xtr   Cpmin    Chinge    XCp    
 ------- -------- --------- --------- -------- ------- ------- -------- --------- ---------
 -10.000  -0.3234   0.12916   0.12414  -0.0279  1.0000  0.0499  -1.3475   0.0000   0.1569
  -9.900  -0.3210   0.12806   0.12306  -0.0286  1.0000  0.0500  -1.3526   0.0000   0.1542
  -9.800  -0.3187   0.12696   0.12197  -0.0293  1.0000  0.0500  -1.3577   0.0000   0.1514
  -9.700  -0.3164   0.12583   0.12086  -0.0300  1.0000  0.0501  -1.3630   0.0000   0.1486
  -9.600  -0.3141   0.12469   0.11974  -0.0306  1.0000  0.0501  -1.3683   0.0000   0.1458
  -9.500  -0.3118   0.12354   0.11861  -0.0313  1.0000  0.0502  -1.3738   0.0000   0.1429
  -9.400  -0.3096   0.12237   0.11746  -0.0320  1.0000  0.0502  -1.3793   0.0000   0.1400
  -9.300  -0.3073   0.12119   0.11631  -0.0327  1.0000  0.0502  -1.3849   0.0000   0.1371
  -9.200  -0.3112   0.11501   0.11020  -0.0331  1.0000  0.0514  -1.4452   0.0000   0.1369
  -9.100  -0.3049   0.11129   0.10647  -0.0319  1.0000  0.0525  -1.4014   0.0000   0.1386
  -9.000  -0.2978   0.10897   0.10414  -0.0310  1.0000  0.0534  -1.3516   0.0000   0.1391
  -8.900  -0.2919   0.10721   0.10239  -0.0305  1.0000  0.0543  -1.3140   0.0000   0.1386
  -8.800  -0.2870   0.10572   0.10092  -0.0302  1.0000  0.0551  -1.2862   0.0000   0.1376
  -8.700  -0.2829   0.10439   0.09960  -0.0302  1.0000  0.0559  -1.2654   0.0000   0.1362
  -8.600  -0.2793   0.10315   0.09838  -0.0303  1.0000  0.0567  -1.2493   0.0000   0.1346
  -8.500  -0.2761   0.10197   0.09722  -0.0304  1.0000  0.0575  -1.2368   0.0000   0.1328
  -8.400  -0.2733   0.10084   0.09611  -0.0306  1.0000  0.0583  -1.2271   0.0000   0.1309
  -8.300  -0.2706   0.09973   0.09502  -0.0309  1.0000  0.0592  -1.2196   0.0000   0.1289
  -8.200  -0.2683   0.09864   0.09396  -0.0312  1.0000  0.0601  -1.2141   0.0000   0.1268
  -8.100  -0.2662   0.09759   0.09293  -0.0315  1.0000  0.0609  -1.2103   0.0000   0.1248
  -8.000  -0.2643   0.09656   0.09193  -0.0318  1.0000  0.0618  -1.2081   0.0000   0.1229
  -7.900  -0.2628   0.09556   0.09096  -0.0321  1.0000  0.0628  -1.2075   0.0000   0.1211
  -7.800  -0.2617   0.09460   0.09004  -0.0324  1.0000  0.0637  -1.2084   0.0000   0.1196
  -7.700  -0.2611   0.09370   0.08917  -0.0326  1.0000  0.0646  -1.2108   0.0000   0.1186
  -7.600  -0.2612   0.09286   0.08838  -0.0327  1.0000  0.0655  -1.2148   0.0000   0.1183
  -7.500  -0.2623   0.09213   0.08769  -0.0327  1.0000  0.0664  -1.2205   0.0000   0.1191
  -7.400  -0.2649   0.09155   0.08716  -0.0323  1.0000  0.0671  -1.2280   0.0000   0.1218
  -7.300  -0.2696   0.09118   0.08685  -0.0315  1.0000  0.0676  -1.2369   0.0000   0.1271
  -7.200  -0.2766   0.09103   0.08676  -0.0302  1.0000  0.0679  -1.2467   0.0000   0.1352
  -7.100  -0.2860   0.09112   0.08692  -0.0283  1.0000  0.0679  -1.2571   0.0000   0.1459
  -7.000  -0.2970   0.09135   0.08721  -0.0260  1.0000  0.0678  -1.2680   0.0000   0.1574
  -6.900  -0.3084   0.09162   0.08752  -0.0238  1.0000  0.0676  -1.2792   0.0000   0.1682
  -6.800  -0.3195   0.09184   0.08780  -0.0216  1.0000  0.0674  -1.2905   0.0000   0.1779
  -6.700  -0.3300   0.09200   0.08801  -0.0197  1.0000  0.0673  -1.3018   0.0000   0.1861
  -6.600  -0.3394   0.09203   0.08808  -0.0181  1.0000  0.0673  -1.3128   0.0000   0.1926
  -6.500  -0.3472   0.09188   0.08798  -0.0170  1.0000  0.0674  -1.3232   0.0000   0.1972
  -6.400  -0.3346   0.09008   0.08616  -0.0219  0.9961  0.0697  -1.3321   0.0000   0.1808
  -6.300  -0.3155   0.08851   0.08457  -0.0309  0.9901  0.0730  -1.3673   0.0000   0.1482
  -6.200  -0.2896   0.08811   0.08409  -0.0429  0.9836  0.0755  -1.4163   0.0000   0.0977
  -6.100  -0.2739   0.08661   0.08241  -0.0482  0.9793  0.0760  -1.4292   0.0000   0.0697
  -6.000  -0.2582   0.08484   0.08058  -0.0530  0.9760  0.0763  -1.4374   0.0000   0.0401
  -5.800  -0.2482   0.07565   0.07143  -0.0594  0.9721  0.0788  -1.5016   0.0000   0.0060
  -5.700  -0.2465   0.07396   0.06981  -0.0567  0.9695  0.0803  -1.4432   0.0000   0.0152
  -5.600  -0.2418   0.07280   0.06868  -0.0549  0.9666  0.0821  -1.3818   0.0000   0.0183
  -5.500  -0.2344   0.07178   0.06768  -0.0538  0.9639  0.0842  -1.3215   0.0000   0.0154
  -5.400  -0.2245   0.07062   0.06652  -0.0543  0.9610  0.0870  -1.2723   0.0000   0.0029
  -5.300  -0.2124   0.06957   0.06547  -0.0557  0.9583  0.0924  -1.2296   0.0000  -0.0174
  -5.200  -0.1604   0.07221   0.06769  -0.0735  0.9530  0.1077  -1.2718   0.0000  -0.2144
  -5.100  -0.1610   0.06484   0.06038  -0.0772  0.9515  0.1105  -1.3270   0.0000  -0.2358
  -5.000  -0.1659   0.06399   0.05982  -0.0684  0.9514  0.1174  -1.1866   0.0000  -0.1684
  -4.900  -0.1641   0.06380   0.05967  -0.0658  0.9469  0.1225  -1.1401   0.0000  -0.1576
  -4.800  -0.1559   0.06299   0.05884  -0.0667  0.9422  0.1282  -1.1183   0.0000  -0.1842
  -4.700  -0.1365   0.06201   0.05777  -0.0721  0.9377  0.1369  -1.1193   0.0000  -0.2852
  -4.500  -0.1000   0.05706   0.05257  -0.0839  0.9312  0.1488  -1.1556   0.0000  -0.5978
  -4.400  -0.0888   0.05522   0.05081  -0.0838  0.9297  0.1514  -1.1144   0.0000  -0.7042
  -4.300  -0.0752   0.05382   0.04944  -0.0842  0.9282  0.1548  -1.0735   0.0000  -0.8823
  -4.200  -0.0599   0.05259   0.04823  -0.0852  0.9267  0.1593  -1.0363   0.0000  -1.1888
  -4.100  -0.0421   0.05138   0.04699  -0.0874  0.9251  0.1658  -1.0072   0.0000  -1.8456
  -4.000  -0.0433   0.05108   0.04667  -0.0862  0.9177  0.1690  -1.0051   0.0000  -1.7603
  -3.800  -0.0157   0.04850   0.04382  -0.0929  0.9089  0.1908  -1.0102   0.0000  -5.7216
  -3.700  -0.0065   0.04705   0.04244  -0.0927  0.9064  0.1939  -0.9815   0.0000  -14.1288
  -3.600   0.0048   0.04593   0.04135  -0.0928  0.9040  0.1978  -0.9528   0.0000  19.8957
  -3.500   0.0180   0.04493   0.04036  -0.0934  0.9019  0.2030  -0.9261   0.0000   5.4822
  -3.400   0.0339   0.04403   0.03942  -0.0948  0.8998  0.2108  -0.9030   0.0000   3.0690
  -3.300   0.0542   0.04298   0.03817  -0.0990  0.8976  0.2363  -0.8918   0.0000   2.0901
  -3.200   0.0659   0.04150   0.03676  -0.0991  0.8960  0.2404  -0.8664   0.0000   1.7654
  -3.100   0.0794   0.04042   0.03569  -0.0996  0.8944  0.2452  -0.8427   0.0000   1.5143
  -3.000   0.0784   0.04013   0.03542  -0.0980  0.8883  0.2477  -0.8369   0.0000   1.5090
  -2.900   0.0853   0.03952   0.03479  -0.0977  0.8835  0.2520  -0.8258   0.0000   1.4040
  -2.800   0.0970   0.03874   0.03396  -0.0984  0.8794  0.2573  -0.8143   0.0000   1.2710
  -2.700   0.1119   0.03776   0.03289  -0.0998  0.8759  0.2609  -0.8057   0.0000   1.1473
  -2.600   0.1759   0.02837   0.02114  -0.1102  0.8755  0.0734  -1.2823   0.0000   0.8810
  -2.500   0.1904   0.02716   0.01975  -0.1108  0.8726  0.0717  -1.2812   0.0000   0.8359
  -2.400   0.2056   0.02613   0.01854  -0.1113  0.8700  0.0703  -1.2760   0.0000   0.7951
  -2.300   0.2211   0.02521   0.01746  -0.1118  0.8675  0.0691  -1.2683   0.0000   0.7590
  -2.200   0.2365   0.02440   0.01649  -0.1122  0.8652  0.0682  -1.2588   0.0000   0.7273
  -2.100   0.2517   0.02367   0.01564  -0.1125  0.8631  0.0677  -1.2479   0.0000   0.6996
  -2.000   0.2666   0.02305   0.01490  -0.1127  0.8610  0.0675  -1.2355   0.0000   0.6752
  -1.900   0.2789   0.02260   0.01437  -0.1126  0.8584  0.0678  -1.2237   0.0000   0.6560
  -1.800   0.2854   0.02237   0.01410  -0.1119  0.8539  0.0683  -1.2158   0.0000   0.6442
  -1.700   0.2939   0.02213   0.01369  -0.1114  0.8497  0.0688  -1.1963   0.0000   0.6310
  -1.600   0.3038   0.02182   0.01334  -0.1111  0.8459  0.0701  -1.1874   0.0000   0.6173
  -1.500   0.3145   0.02150   0.01298  -0.1108  0.8424  0.0722  -1.1803   0.0000   0.6038
  -1.400   0.3259   0.02120   0.01263  -0.1106  0.8391  0.0752  -1.1768   0.0000   0.5906
  -1.300   0.3378   0.02049   0.01192  -0.1104  0.8362  0.0860  -1.2097   0.0000   0.5780
  -1.200   0.3480   0.01837   0.01136  -0.1103  0.8339  0.4571  -1.3758   0.0000   0.5679
  -1.100   0.3494   0.01747   0.01151  -0.1073  0.8313  0.7379  -1.3499   0.0000   0.5581
  -0.900   0.3829   0.01695   0.01103  -0.1079  0.8264  1.0000  -1.2075   0.0000   0.5323
  -0.800   0.3960   0.01699   0.01093  -0.1079  0.8238  1.0000  -1.1413   0.0000   0.5228
  -0.700   0.4086   0.01712   0.01092  -0.1078  0.8210  1.0000  -1.0755   0.0000   0.5141
  -0.600   0.4163   0.01728   0.01101  -0.1075  0.8165  1.0000  -1.0253   0.0000   0.5084
  -0.500   0.4249   0.01743   0.01109  -0.1072  0.8117  1.0000  -0.9724   0.0000   0.5024
  -0.400   0.4344   0.01756   0.01114  -0.1071  0.8073  1.0000  -0.9163   0.0000   0.4963
  -0.300   0.4446   0.01767   0.01117  -0.1069  0.8033  1.0000  -0.8586   0.0000   0.4902
  -0.200   0.4553   0.01776   0.01119  -0.1068  0.7997  1.0000  -0.7995   0.0000   0.4842
  -0.100   0.4665   0.01783   0.01117  -0.1067  0.7963  1.0000  -0.7394   0.0000   0.4782
   0.000   0.4781   0.01786   0.01113  -0.1066  0.7931  1.0000  -0.7001   0.0000   0.4723
   0.100   0.4899   0.01787   0.01106  -0.1064  0.7900  1.0000  -0.7112   0.0000   0.4665
   0.200   0.5019   0.01787   0.01098  -0.1062  0.7872  1.0000  -0.7226   0.0000   0.4608
   0.300   0.5141   0.01788   0.01092  -0.1060  0.7844  1.0000  -0.7343   0.0000   0.4552
   0.400   0.5260   0.01794   0.01091  -0.1057  0.7815  1.0000  -0.7458   0.0000   0.4500
   0.500   0.5363   0.01813   0.01104  -0.1055  0.7781  1.0000  -0.7570   0.0000   0.4455
   0.600   0.5448   0.01829   0.01118  -0.1053  0.7734  1.0000  -0.7665   0.0000   0.4421
   0.700   0.5539   0.01844   0.01131  -0.1052  0.7686  1.0000  -0.7767   0.0000   0.4385
   0.800   0.5635   0.01858   0.01141  -0.1050  0.7641  1.0000  -0.7874   0.0000   0.4348
   0.900   0.5736   0.01868   0.01147  -0.1048  0.7600  1.0000  -0.7987   0.0000   0.4311
   1.000   0.5842   0.01874   0.01149  -0.1046  0.7560  1.0000  -0.8106   0.0000   0.4273
   1.100   0.5952   0.01875   0.01146  -0.1043  0.7523  1.0000  -0.8230   0.0000   0.4235
   1.200   0.6066   0.01873   0.01138  -0.1040  0.7489  1.0000  -0.8358   0.0000   0.4196
   1.300   0.6183   0.01869   0.01118  -0.1037  0.7457  1.0000  -0.8490   0.0000   0.4158
   1.400   0.6302   0.01865   0.01108  -0.1034  0.7426  1.0000  -0.8643   0.0000   0.4120
   1.500   0.6419   0.01865   0.01103  -0.1031  0.7396  1.0000  -0.8797   0.0000   0.4084
   1.600   0.6532   0.01879   0.01111  -0.1027  0.7363  1.0000  -0.8946   0.0000   0.4050
   1.700   0.6624   0.01899   0.01129  -0.1026  0.7323  1.0000  -0.9069   0.0000   0.4025
   1.800   0.6714   0.01916   0.01147  -0.1025  0.7276  1.0000  -0.9189   0.0000   0.4001
   1.900   0.6806   0.01931   0.01162  -0.1023  0.7227  1.0000  -0.9314   0.0000   0.3977
   2.000   0.6904   0.01942   0.01172  -0.1021  0.7179  1.0000  -0.9445   0.0000   0.3952
   2.100   0.7006   0.01947   0.01175  -0.1018  0.7134  1.0000  -0.9584   0.0000   0.3925
   2.200   0.7113   0.01947   0.01180  -0.1015  0.7092  1.0000  -0.9729   0.0000   0.3898
   2.300   0.7226   0.01942   0.01171  -0.1012  0.7053  1.0000  -0.9881   0.0000   0.3870
   2.400   0.7341   0.01934   0.01159  -0.1008  0.7017  1.0000  -1.0040   0.0000   0.3843
   2.500   0.7459   0.01926   0.01146  -0.1005  0.6983  1.0000  -1.0224   0.0000   0.3815
   2.600   0.7576   0.01923   0.01137  -0.1001  0.6950  1.0000  -1.0408   0.0000   0.3789
   2.700   0.7689   0.01932   0.01141  -0.0998  0.6915  1.0000  -1.0587   0.0000   0.3764
   2.800   0.7786   0.01956   0.01164  -0.0996  0.6874  1.0000  -1.0744   0.0000   0.3744
   2.900   0.7876   0.01971   0.01183  -0.0994  0.6829  1.0000  -1.0890   0.0000   0.3727
   3.000   0.7966   0.01987   0.01201  -0.0993  0.6777  1.0000  -1.1039   0.0000   0.3709
   3.100   0.8062   0.01998   0.01212  -0.0990  0.6725  1.0000  -1.1196   0.0000   0.3690
   3.200   0.8164   0.02001   0.01215  -0.0987  0.6675  1.0000  -1.1363   0.0000   0.3670
   3.300   0.8272   0.01997   0.01209  -0.0984  0.6628  1.0000  -1.1540   0.0000   0.3650
   3.400   0.8386   0.01988   0.01198  -0.0981  0.6585  1.0000  -1.1725   0.0000   0.3629
   3.500   0.8502   0.01976   0.01183  -0.0977  0.6545  1.0000  -1.1915   0.0000   0.3607
   3.600   0.8620   0.01965   0.01167  -0.0974  0.6506  1.0000  -1.2135   0.0000   0.3586
   3.700   0.8737   0.01961   0.01158  -0.0970  0.6467  1.0000  -1.2359   0.0000   0.3566
   3.800   0.8848   0.01983   0.01174  -0.0967  0.6421  1.0000  -1.2574   0.0000   0.3548
   3.900   0.8935   0.01994   0.01192  -0.0965  0.6374  1.0000  -1.2753   0.0000   0.3534
   4.000   0.9024   0.02007   0.01209  -0.0962  0.6319  1.0000  -1.2934   0.0000   0.3519
   4.100   0.9119   0.02015   0.01220  -0.0960  0.6261  1.0000  -1.3127   0.0000   0.3504
   4.200   0.9222   0.02015   0.01221  -0.0957  0.6204  1.0000  -1.3333   0.0000   0.3488
   4.300   0.9331   0.02008   0.01213  -0.0953  0.6151  1.0000  -1.3550   0.0000   0.3471
   4.400   0.9444   0.01996   0.01198  -0.0950  0.6101  1.0000  -1.3776   0.0000   0.3454
   4.500   0.9561   0.01981   0.01180  -0.0946  0.6054  1.0000  -1.4020   0.0000   0.3437
   4.600   0.9677   0.01971   0.01165  -0.0943  0.6008  1.0000  -1.4293   0.0000   0.3420
   4.700   0.9794   0.01977   0.01164  -0.0940  0.5957  1.0000  -1.4568   0.0000   0.3404
   4.800   0.9887   0.01994   0.01185  -0.0937  0.5903  1.0000  -1.4799   0.0000   0.3392
   4.900   0.9975   0.02005   0.01203  -0.0935  0.5843  1.0000  -1.5023   0.0000   0.3379
   5.000   1.0070   0.02013   0.01215  -0.0932  0.5780  1.0000  -1.5260   0.0000   0.3366
   5.100   1.0172   0.02013   0.01216  -0.0929  0.5717  1.0000  -1.5512   0.0000   0.3353
   5.200   1.0280   0.02006   0.01209  -0.0925  0.5657  1.0000  -1.5777   0.0000   0.3339
   5.300   1.0392   0.01994   0.01194  -0.0922  0.5600  1.0000  -1.6053   0.0000   0.3325
   5.400   1.0505   0.01983   0.01178  -0.0918  0.5544  1.0000  -1.6334   0.0000   0.3310
   5.500   1.0625   0.01984   0.01199  -0.0915  0.5480  1.0000  -1.6620   0.0000   0.3296
   5.600   1.0719   0.02000   0.01219  -0.0912  0.5414  1.0000  -1.6876   0.0000   0.3285
   5.700   1.0806   0.02007   0.01235  -0.0908  0.5343  1.0000  -1.7163   0.0000   0.3273
   5.800   1.0901   0.02011   0.01242  -0.0905  0.5268  1.0000  -1.7466   0.0000   0.3261
   5.900   1.1003   0.02010   0.01241  -0.0902  0.5196  1.0000  -1.7784   0.0000   0.3249
   6.000   1.1108   0.02006   0.01236  -0.0898  0.5131  1.0000  -1.8112   0.0000   0.3237
   6.100   1.1218   0.02003   0.01226  -0.0895  0.5066  1.0000  -1.8452   0.0000   0.3225
   6.200   1.1333   0.02013   0.01224  -0.0893  0.4992  1.0000  -1.8800   0.0000   0.3213
   6.300   1.1421   0.02030   0.01247  -0.0889  0.4921  1.0000  -1.9093   0.0000   0.3203
   6.400   1.1507   0.02040   0.01265  -0.0885  0.4842  1.0000  -1.9383   0.0000   0.3193
   6.500   1.1600   0.02045   0.01272  -0.0881  0.4758  1.0000  -1.9693   0.0000   0.3182
   6.600   1.1697   0.02044   0.01270  -0.0877  0.4677  1.0000  -2.0017   0.0000   0.3171
   6.700   1.1801   0.02044   0.01262  -0.0874  0.4598  1.0000  -2.0357   0.0000   0.3159
   6.800   1.1910   0.02063   0.01265  -0.0871  0.4509  1.0000  -2.0704   0.0000   0.3149
   6.900   1.1994   0.02083   0.01293  -0.0867  0.4435  1.0000  -2.0994   0.0000   0.3139
   7.000   1.2078   0.02099   0.01317  -0.0863  0.4355  1.0000  -2.1286   0.0000   0.3130
   7.100   1.2166   0.02112   0.01333  -0.0859  0.4272  1.0000  -2.1663   0.0000   0.3120
   7.200   1.2258   0.02122   0.01340  -0.0855  0.4189  1.0000  -2.2063   0.0000   0.3110
   7.300   1.2355   0.02136   0.01343  -0.0852  0.4105  1.0000  -2.2480   0.0000   0.3100
   7.400   1.2454   0.02174   0.01366  -0.0849  0.4007  1.0000  -2.2892   0.0000   0.3091
   7.500   1.2529   0.02190   0.01395  -0.0844  0.3935  1.0000  -2.3249   0.0000   0.3082
   7.600   1.2609   0.02208   0.01419  -0.0840  0.3849  1.0000  -2.3621   0.0000   0.3072
   7.700   1.2691   0.02223   0.01435  -0.0835  0.3763  1.0000  -2.4008   0.0000   0.3063
   7.800   1.2778   0.02242   0.01445  -0.0831  0.3677  1.0000  -2.4932   0.0000   0.3053
   7.900   1.2873   0.02283   0.01469  -0.0828  0.3578  1.0000  -2.5964   0.0000   0.3045
   8.000   1.2951   0.02316   0.01508  -0.0824  0.3508  1.0000  -2.6893   0.0000   0.3036
   8.100   1.3026   0.02341   0.01542  -0.0819  0.3436  1.0000  -2.7820   0.0000   0.3028
   8.200   1.3104   0.02366   0.01572  -0.0814  0.3358  1.0000  -2.8778   0.0000   0.3019
   8.300   1.3181   0.02391   0.01594  -0.0809  0.3280  1.0000  -2.9764   0.0000   0.3010
   8.400   1.3262   0.02424   0.01616  -0.0805  0.3199  1.0000  -3.0786   0.0000   0.3001
   8.500   1.3354   0.02489   0.01667  -0.0803  0.3099  1.0000  -3.1844   0.0000   0.2994
   8.600   1.3419   0.02511   0.01702  -0.0797  0.3042  1.0000  -3.2769   0.0000   0.2985
   8.700   1.3486   0.02538   0.01736  -0.0791  0.2969  1.0000  -3.3725   0.0000   0.2977
   8.800   1.3555   0.02564   0.01766  -0.0786  0.2895  1.0000  -3.4706   0.0000   0.2968
   8.900   1.3623   0.02594   0.01791  -0.0780  0.2821  1.0000  -3.5712   0.0000   0.2959
   9.000   1.3699   0.02642   0.01826  -0.0776  0.2741  1.0000  -3.6757   0.0000   0.2951
   9.100   1.3782   0.02713   0.01891  -0.0773  0.2660  1.0000  -3.7803   0.0000   0.2945
   9.200   1.3842   0.02744   0.01935  -0.0767  0.2610  1.0000  -3.8743   0.0000   0.2936
   9.300   1.3906   0.02779   0.02022  -0.0761  0.2550  1.0000  -3.9701   0.0000   0.2928
   9.400   1.3970   0.02815   0.02063  -0.0755  0.2487  1.0000  -4.0659   0.0000   0.2919
   9.500   1.4033   0.02852   0.02101  -0.0749  0.2427  1.0000  -4.1637   0.0000   0.2911
   9.600   1.4099   0.02900   0.02142  -0.0744  0.2363  1.0000  -4.2652   0.0000   0.2903
   9.700   1.4194   0.03014   0.02240  -0.0743  0.2269  1.0000  -4.3777   0.0000   0.2898
   9.800   1.4240   0.03042   0.02284  -0.0735  0.2233  1.0000  -4.4666   0.0000   0.2889
   9.900   1.4288   0.03078   0.02331  -0.0728  0.2184  1.0000  -4.5568   0.0000   0.2881
  10.000   1.4338   0.03114   0.02375  -0.0721  0.2128  1.0000  -4.6498   0.0000   0.2872
  10.100   1.4387   0.03150   0.02414  -0.0713  0.2072  1.0000  -4.7452   0.0000   0.2864
  10.200   1.4433   0.03187   0.02451  -0.0706  0.2019  1.0000  -4.8412   0.0000   0.2856
  10.300   1.4489   0.03245   0.02500  -0.0700  0.1959  1.0000  -4.9426   0.0000   0.2848
  10.400   1.4577   0.03370   0.02616  -0.0700  0.1881  1.0000  -5.0528   0.0000   0.2843
  10.500   1.4611   0.03408   0.02669  -0.0691  0.1852  1.0000  -5.1361   0.0000   0.2834
  10.600   1.4648   0.03456   0.02729  -0.0683  0.1816  1.0000  -5.2204   0.0000   0.2826
  10.700   1.4687   0.03508   0.02790  -0.0675  0.1775  1.0000  -5.3067   0.0000   0.2818
  10.800   1.4728   0.03558   0.02847  -0.0667  0.1734  1.0000  -5.3954   0.0000   0.2810
  10.900   1.4769   0.03608   0.02901  -0.0659  0.1694  1.0000  -5.4901   0.0000   0.2801
  11.000   1.4809   0.03660   0.02954  -0.0652  0.1656  1.0000  -5.5927   0.0000   0.2794
  11.100   1.4858   0.03726   0.03016  -0.0646  0.1614  1.0000  -5.7024   0.0000   0.2786
  11.200   1.4964   0.03929   0.03210  -0.0650  0.1537  1.0000  -5.8317   0.0000   0.2784
  11.300   1.4980   0.03967   0.03261  -0.0639  0.1519  1.0000  -5.9149   0.0000   0.2775
  11.400   1.4984   0.04015   0.03322  -0.0628  0.1497  1.0000  -5.9887   0.0000   0.2766
  11.500   1.4982   0.04066   0.03384  -0.0615  0.1471  1.0000  -6.0586   0.0000   0.2756
  11.600   1.4982   0.04119   0.03446  -0.0604  0.1442  1.0000  -6.1305   0.0000   0.2747
  11.700   1.4985   0.04172   0.03506  -0.0593  0.1411  1.0000  -6.2056   0.0000   0.2738
  11.800   1.4986   0.04217   0.03554  -0.0583  0.1378  1.0000  -6.2843   0.0000   0.2729
  11.900   1.4984   0.04255   0.03593  -0.0573  0.1345  1.0000  -6.3651   0.0000   0.2721
  12.000   1.4978   0.04295   0.03631  -0.0564  0.1313  1.0000  -6.4452   0.0000   0.2713
  12.100   1.4986   0.04357   0.03683  -0.0557  0.1270  1.0000  -6.5369   0.0000   0.2706
  12.200   1.5023   0.04508   0.03831  -0.0553  0.1211  1.0000  -6.6297   0.0000   0.2701
  12.300   1.4984   0.04555   0.03888  -0.0542  0.1195  1.0000  -6.6777   0.0000   0.2693
  12.400   1.4943   0.04613   0.03957  -0.0533  0.1175  1.0000  -6.7231   0.0000   0.2686
  12.500   1.4906   0.04677   0.04030  -0.0525  0.1151  1.0000  -6.7722   0.0000   0.2680
  12.600   1.4873   0.04744   0.04103  -0.0518  0.1122  1.0000  -6.8248   0.0000   0.2674
  12.700   1.4842   0.04811   0.04175  -0.0513  0.1092  1.0000  -6.8821   0.0000   0.2669
  12.800   1.4810   0.04880   0.04246  -0.0508  0.1061  1.0000  -6.9411   0.0000   0.2664
  12.900   1.4774   0.04960   0.04326  -0.0504  0.1033  1.0000  -6.9965   0.0000   0.2661
  13.000   1.4738   0.05051   0.04414  -0.0501  0.1004  1.0000  -7.0514   0.0000   0.2658
  13.100   1.4709   0.05163   0.04517  -0.0498  0.0965  1.0000  -7.1069   0.0000   0.2654
  13.200   1.4690   0.05292   0.04645  -0.0495  0.0925  1.0000  -7.1592   0.0000   0.2650
  13.300   1.4648   0.05404   0.04770  -0.0494  0.0909  1.0000  -7.1961   0.0000   0.2648
  13.400   1.4611   0.05521   0.04898  -0.0493  0.0888  1.0000  -7.2354   0.0000   0.2647
  13.500   1.4574   0.05645   0.05033  -0.0493  0.0864  1.0000  -7.2711   0.0000   0.2645
  13.600   1.4539   0.05773   0.05169  -0.0492  0.0839  1.0000  -7.3068   0.0000   0.2644
  13.700   1.4504   0.05903   0.05306  -0.0493  0.0813  1.0000  -7.3420   0.0000   0.2643
  13.800   1.4462   0.06044   0.05450  -0.0494  0.0787  1.0000  -7.3722   0.0000   0.2643
  13.900   1.4413   0.06199   0.05608  -0.0496  0.0763  1.0000  -7.3948   0.0000   0.2643
  14.000   1.4359   0.06364   0.05771  -0.0499  0.0737  1.0000  -7.4115   0.0000   0.2644
  14.100   1.4303   0.06548   0.05946  -0.0497  0.0696  1.0000  -7.4128   0.0000   0.2642
  14.200   1.4249   0.06736   0.06143  -0.0500  0.0670  1.0000  -7.4086   0.0000   0.2644
  14.300   1.4187   0.06938   0.06358  -0.0506  0.0648  1.0000  -7.3984   0.0000   0.2647
  14.400   1.4123   0.07148   0.06578  -0.0512  0.0617  1.0000  -7.3811   0.0000   0.2651
  14.500   1.4056   0.07364   0.06800  -0.0520  0.0583  1.0000  -7.3611   0.0000   0.2656
  14.600   1.3984   0.07592   0.07031  -0.0528  0.0556  1.0000  -7.3401   0.0000   0.2662
  14.700   1.3909   0.07828   0.07267  -0.0537  0.0532  1.0000  -7.3171   0.0000   0.2668
  14.800   1.3829   0.08071   0.07504  -0.0545  0.0505  1.0000  -7.2815   0.0000   0.2674
  14.900   1.3743   0.08328   0.07755  -0.0546  0.0467  1.0000  -7.1980   0.0000   0.2676
  15.000   1.3680   0.08574   0.08014  -0.0556  0.0451  1.0000  -7.1588   0.0000   0.2683
  15.100   1.3617   0.08822   0.08272  -0.0566  0.0434  1.0000  -7.1183   0.0000   0.2690
  15.200   1.3559   0.09062   0.08520  -0.0576  0.0416  1.0000  -7.0814   0.0000   0.2697
  15.300   1.3506   0.09293   0.08758  -0.0585  0.0400  1.0000  -7.0513   0.0000   0.2703
  15.400   1.3455   0.09521   0.08991  -0.0595  0.0386  1.0000  -7.0270   0.0000   0.2710
  15.500   1.3403   0.09753   0.09228  -0.0605  0.0375  1.0000  -7.0045   0.0000   0.2718
  15.600   1.3353   0.09981   0.09461  -0.0616  0.0365  1.0000  -6.9853   0.0000   0.2726
  15.700   1.3307   0.10205   0.09689  -0.0626  0.0356  1.0000  -6.9686   0.0000   0.2733
  15.800   1.3261   0.10425   0.09913  -0.0637  0.0348  1.0000  -6.9521   0.0000   0.2741
  15.900   1.3216   0.10639   0.10130  -0.0647  0.0340  1.0000  -6.9343   0.0000   0.2748
  16.000   1.3169   0.10849   0.10344  -0.0656  0.0333  1.0000  -6.9117   0.0000   0.2755
  16.100   1.3121   0.11062   0.10560  -0.0666  0.0326  1.0000  -6.8824   0.0000   0.2762
  16.200   1.3073   0.11279   0.10782  -0.0675  0.0319  1.0000  -6.8458   0.0000   0.2769
  16.300   1.3018   0.11517   0.11027  -0.0685  0.0315  1.0000  -6.8004   0.0000   0.2778
  16.400   1.2959   0.11775   0.11293  -0.0697  0.0311  1.0000  -6.7498   0.0000   0.2788
  16.500   1.2896   0.12051   0.11579  -0.0712  0.0309  1.0000  -6.6965   0.0000   0.2800
  16.600   1.2830   0.12351   0.11887  -0.0729  0.0308  1.0000  -6.6418   0.0000   0.2815
  16.700   1.2763   0.12662   0.12207  -0.0747  0.0308  1.0000  -6.5856   0.0000   0.2831
  16.800   1.2697   0.12980   0.12533  -0.0766  0.0308  1.0000  -6.5275   0.0000   0.2847
  16.900   1.2630   0.13308   0.12869  -0.0785  0.0308  1.0000  -6.4676   0.0000   0.2864
  17.000   1.2561   0.13655   0.13223  -0.0807  0.0308  1.0000  -6.4055   0.0000   0.2883
  17.100   1.2492   0.14013   0.13589  -0.0829  0.0309  1.0000  -6.3404   0.0000   0.2904
  17.200   1.2422   0.14380   0.13963  -0.0851  0.0311  1.0000  -6.2714   0.0000   0.2924
  17.300   1.2350   0.14768   0.14358  -0.0875  0.0313  1.0000  -6.1966   0.0000   0.2947
  17.400   1.2271   0.15193   0.14791  -0.0901  0.0316  1.0000  -6.1105   0.0000   0.2972
  17.500   1.2181   0.15667   0.15271  -0.0930  0.0321  1.0000  -6.0020   0.0000   0.3001
  17.600   1.1371   0.18857   0.18476  -0.1090  0.0499  1.0000  -4.7188   0.0000   0.3214
  17.700   1.1279   0.19477   0.19093  -0.1116  0.0499  1.0000  -4.5203   0.0000   0.3246
  17.800   1.1179   0.20167   0.19778  -0.1144  0.0502  1.0000  -4.2915   0.0000   0.3282
  17.900   1.1068   0.20940   0.20545  -0.1175  0.0511  1.0000  -4.0254   0.0000   0.3322
  18.000   1.0967   0.21686   0.21286  -0.1205  0.0522  1.0000  -3.7722   0.0000   0.3361
  18.100   1.0877   0.22381   0.21976  -0.1232  0.0535  1.0000  -3.5448   0.0000   0.3397
  18.200   1.0632   0.24050   0.23635  -0.1292  0.0772  1.0000  -2.8845   0.0000   0.3488
  18.300   1.0584   0.24531   0.24114  -0.1310  0.0801  1.0000  -2.7634   0.0000   0.3511
  18.400   1.0928   0.22745   0.22343  -0.1240  0.0452  1.0000  -3.6495   0.0000   0.3391
  18.500   1.0893   0.23188   0.22784  -0.1255  0.0447  1.0000  -3.5373   0.0000   0.3409
  18.600   1.0863   0.23612   0.23206  -0.1270  0.0443  1.0000  -3.4343   0.0000   0.3425
  18.700   1.0836   0.24018   0.23611  -0.1284  0.0439  1.0000  -3.3404   0.0000   0.3440
  18.800   1.0812   0.24408   0.24000  -0.1296  0.0436  1.0000  -3.2552   0.0000   0.3454
  18.900   1.0791   0.24783   0.24374  -0.1308  0.0433  1.0000  -3.1773   0.0000   0.3467
  19.000   1.0772   0.25146   0.24737  -0.1318  0.0432  1.0000  -3.1057   0.0000   0.3478
  19.100   1.0753   0.25502   0.25092  -0.1329  0.0432  1.0000  -3.0384   0.0000   0.3489
  19.200   1.0736   0.25849   0.25439  -0.1338  0.0432  1.0000  -2.9760   0.0000   0.3499
  19.300   1.0720   0.26185   0.25775  -0.1347  0.0434  1.0000  -2.9196   0.0000   0.3508
  19.400   1.0706   0.26510   0.26100  -0.1355  0.0437  1.0000  -2.8692   0.0000   0.3516
  19.500   1.0694   0.26824   0.26415  -0.1361  0.0440  1.0000  -2.8254   0.0000   0.3522
  19.600   1.0684   0.27127   0.26719  -0.1366  0.0445  1.0000  -2.7895   0.0000   0.3527
  19.700   1.0679   0.27420   0.27012  -0.1369  0.0451  1.0000  -2.7641   0.0000   0.3529
  19.800   1.0676   0.29008   0.28605  -0.1354  0.0683  1.0000  -2.4851   0.0000   0.3520
  19.900   1.0667   0.29298   0.28896  -0.1360  0.0683  1.0000  -2.4591   0.0000   0.3526
  20.000   1.0656   0.29579   0.29178  -0.1366  0.0683  1.0000  -2.4336   0.0000   0.3531


