QBlade v0.963 64bit

 Calculated polar for: SG6042

 1 1 Reynolds number fixed          Mach number fixed         

 xtrf =   1.000 (top)        1.000 (bottom)
 Mach =   0.000     Re =     0.050 e 6     Ncrit =   9.000

  alpha     CL        CD       CDp       Cm    Top Xtr Bot Xtr   Cpmin    Chinge    XCp    
 ------- -------- --------- --------- -------- ------- ------- -------- --------- ---------
 -10.000  -0.3371   0.12813   0.12069  -0.0349  1.0000  0.1361  -1.1574   0.0000   0.1369
  -9.900  -0.3397   0.12779   0.12038  -0.0351  1.0000  0.1380  -1.1706   0.0000   0.1373
  -9.800  -0.3442   0.12786   0.12050  -0.0354  1.0000  0.1396  -1.1899   0.0000   0.1380
  -9.700  -0.3506   0.12833   0.12103  -0.0358  1.0000  0.1409  -1.2147   0.0000   0.1390
  -9.600  -0.3580   0.12899   0.12175  -0.0362  1.0000  0.1417  -1.2416   0.0000   0.1405
  -9.500  -0.3656   0.12963   0.12245  -0.0365  1.0000  0.1423  -1.2681   0.0000   0.1422
  -9.400  -0.3730   0.13016   0.12304  -0.0367  1.0000  0.1427  -1.2929   0.0000   0.1441
  -9.300  -0.3804   0.13056   0.12351  -0.0367  1.0000  0.1430  -1.3162   0.0000   0.1463
  -9.200  -0.3877   0.13085   0.12386  -0.0366  1.0000  0.1432  -1.3381   0.0000   0.1488
  -9.100  -0.3948   0.13103   0.12410  -0.0363  1.0000  0.1434  -1.3583   0.0000   0.1514
  -9.000  -0.4022   0.13115   0.12427  -0.0359  1.0000  0.1435  -1.3779   0.0000   0.1544
  -8.900  -0.4098   0.13121   0.12439  -0.0354  1.0000  0.1436  -1.3970   0.0000   0.1575
  -8.800  -0.4176   0.13121   0.12446  -0.0349  1.0000  0.1437  -1.4160   0.0000   0.1606
  -8.700  -0.3387   0.11446   0.10745  -0.0322  1.0000  0.1552  -1.1998   0.0000   0.1469
  -8.600  -0.3382   0.11349   0.10651  -0.0317  1.0000  0.1576  -1.1978   0.0000   0.1484
  -8.500  -0.3391   0.11268   0.10573  -0.0312  1.0000  0.1601  -1.1998   0.0000   0.1501
  -8.400  -0.3412   0.11203   0.10512  -0.0308  1.0000  0.1625  -1.2056   0.0000   0.1520
  -8.300  -0.3450   0.11160   0.10473  -0.0305  1.0000  0.1650  -1.2156   0.0000   0.1543
  -8.200  -0.3508   0.11147   0.10465  -0.0301  1.0000  0.1672  -1.2305   0.0000   0.1571
  -8.100  -0.3588   0.11165   0.10490  -0.0298  1.0000  0.1689  -1.2499   0.0000   0.1603
  -8.000  -0.3686   0.11209   0.10541  -0.0293  1.0000  0.1701  -1.2725   0.0000   0.1642
  -7.900  -0.3798   0.11268   0.10607  -0.0287  1.0000  0.1710  -1.2963   0.0000   0.1686
  -7.800  -0.3913   0.11325   0.10671  -0.0278  1.0000  0.1716  -1.3194   0.0000   0.1733
  -7.700  -0.4029   0.11375   0.10728  -0.0269  1.0000  0.1720  -1.3417   0.0000   0.1779
  -7.600  -0.4140   0.11416   0.10776  -0.0264  1.0000  0.1723  -1.3652   0.0000   0.1812
  -7.500  -0.4239   0.11448   0.10814  -0.0268  1.0000  0.1727  -1.3916   0.0000   0.1820
  -7.400  -0.4325   0.11467   0.10838  -0.0276  1.0000  0.1731  -1.4183   0.0000   0.1818
  -7.300  -0.4402   0.11471   0.10846  -0.0286  1.0000  0.1734  -1.4455   0.0000   0.1809
  -7.200  -0.4470   0.11465   0.10841  -0.0297  1.0000  0.1736  -1.4722   0.0000   0.1797
  -7.100  -0.3871   0.10395   0.09763  -0.0212  1.0000  0.2000  -1.2763   0.0000   0.1902
  -7.000  -0.3966   0.10397   0.09771  -0.0201  1.0000  0.2009  -1.2922   0.0000   0.1943
  -6.900  -0.4062   0.10397   0.09777  -0.0193  1.0000  0.2016  -1.3091   0.0000   0.1979
  -6.800  -0.4153   0.10398   0.09783  -0.0193  1.0000  0.2025  -1.3291   0.0000   0.1993
  -6.700  -0.4240   0.10401   0.09791  -0.0197  1.0000  0.2033  -1.3516   0.0000   0.1994
  -6.600  -0.4325   0.10403   0.09798  -0.0207  1.0000  0.2040  -1.3767   0.0000   0.1983
  -6.500  -0.4403   0.10411   0.09809  -0.0222  1.0000  0.2046  -1.4046   0.0000   0.1960
  -6.400  -0.4471   0.10431   0.09829  -0.0241  1.0000  0.2052  -1.4345   0.0000   0.1927
  -6.300  -0.4526   0.10447   0.09844  -0.0261  1.0000  0.2057  -1.4640   0.0000   0.1892
  -6.200  -0.4270   0.09856   0.09264  -0.0142  1.0000  0.2360  -1.3240   0.0000   0.2130
  -6.100  -0.4359   0.09873   0.09285  -0.0155  1.0000  0.2373  -1.3481   0.0000   0.2109
  -6.000  -0.4442   0.09903   0.09317  -0.0177  1.0000  0.2384  -1.3770   0.0000   0.2069
  -5.900  -0.4507   0.09963   0.09375  -0.0206  1.0000  0.2394  -1.4093   0.0000   0.2014
  -5.800  -0.4165   0.09225   0.08634  -0.0078  1.0000  0.2617  -1.2848   0.0000   0.2276
  -5.700  -0.4234   0.09203   0.08615  -0.0078  1.0000  0.2667  -1.2973   0.0000   0.2281
  -5.600  -0.4374   0.09305   0.08723  -0.0101  1.0000  0.2720  -1.3330   0.0000   0.2237
  -5.300  -0.4341   0.08759   0.08188  -0.0057  1.0000  0.2852  -1.3107   0.0000   0.2338
  -5.200  -0.4287   0.08640   0.08070  -0.0036  1.0000  0.2915  -1.2892   0.0000   0.2386
  -5.100  -0.4292   0.08568   0.08000  -0.0028  1.0000  0.2984  -1.2853   0.0000   0.2404
  -4.800  -0.4412   0.08289   0.07732  -0.0032  1.0000  0.3202  -1.3065   0.0000   0.2401
  -4.700  -0.4345   0.08151   0.07596  -0.0000  1.0000  0.3263  -1.2769   0.0000   0.2472
  -4.600  -0.4323   0.08067   0.07514   0.0014  1.0000  0.3342  -1.2630   0.0000   0.2505
  -4.300  -0.4355   0.07768   0.07225   0.0039  1.0000  0.3636  -1.2470   0.0000   0.2566
  -4.200  -0.4320   0.07682   0.07140   0.0059  1.0000  0.3723  -1.2269   0.0000   0.2612
  -4.100  -0.4417   0.07697   0.07159   0.0034  1.0000  0.3951  -1.2498   0.0000   0.2554
  -4.000  -0.4365   0.07510   0.06975   0.0076  1.0000  0.4002  -1.2175   0.0000   0.2650
  -3.900  -0.4314   0.07402   0.06869   0.0103  1.0000  0.4081  -1.1902   0.0000   0.2716
  -3.700  -0.4342   0.07250   0.06725   0.0134  1.0000  0.4409  -1.1693   0.0000   0.2787
  -3.600  -0.4289   0.07149   0.06625   0.0161  1.0000  0.4501  -1.1420   0.0000   0.2854
  -3.400  -0.4284   0.06992   0.06475   0.0212  1.0000  0.4866  -1.1060   0.0000   0.2972
  -3.300  -0.4275   0.06962   0.06448   0.0224  1.0000  0.5021  -1.0930   0.0000   0.3003
  -3.200  -0.4256   0.06839   0.06329   0.0270  1.0000  0.5269  -1.0633   0.0000   0.3113
  -3.100  -0.4249   0.06809   0.06301   0.0285  1.0000  0.5429  -1.0503   0.0000   0.3150
  -2.800  -0.2141   0.04090   0.03231  -0.0565  1.0000  0.1228  -1.6179   0.0000  -0.0180
  -2.700  -0.1977   0.04048   0.03137  -0.0571  1.0000  0.1175  -1.6529   0.0000  -0.0434
  -2.600  -0.1870   0.04038   0.03107  -0.0569  1.0000  0.1161  -1.6445   0.0000  -0.0587
  -2.500  -0.1749   0.03878   0.02936  -0.0576  1.0000  0.1151  -1.6455   0.0000  -0.0843
  -2.400  -0.1627   0.03759   0.02803  -0.0581  1.0000  0.1144  -1.6451   0.0000  -0.1124
  -2.300  -0.1507   0.03659   0.02687  -0.0585  1.0000  0.1140  -1.6448   0.0000  -0.1440
  -2.200  -0.1387   0.03572   0.02583  -0.0588  1.0000  0.1139  -1.6450   0.0000  -0.1802
  -2.100  -0.1268   0.03496   0.02490  -0.0591  1.0000  0.1142  -1.6456   0.0000  -0.2220
  -2.000  -0.1151   0.03431   0.02407  -0.0592  1.0000  0.1148  -1.6467   0.0000  -0.2709
  -1.900  -0.1036   0.03378   0.02336  -0.0592  1.0000  0.1158  -1.6483   0.0000  -0.3286
  -1.800  -0.0911   0.03267   0.02215  -0.0596  1.0000  0.1178  -1.6555   0.0000  -0.4117
  -1.700  -0.0798   0.03174   0.02121  -0.0597  1.0000  0.1214  -1.6532   0.0000  -0.5069
  -1.600  -0.0697   0.03121   0.02068  -0.0596  1.0000  0.1262  -1.6487   0.0000  -0.6150
  -1.500  -0.0599   0.03096   0.02040  -0.0595  1.0000  0.1359  -1.6401   0.0000  -0.7552
  -1.400  -0.0492   0.03045   0.01990  -0.0597  1.0000  0.1508  -1.6346   0.0000  -0.9753
  -1.300  -0.0391   0.03020   0.01969  -0.0596  1.0000  0.1685  -1.6319   0.0000  -1.2884
  -1.200  -0.0269   0.02940   0.01892  -0.0596  1.0000  0.1855  -1.6541   0.0000  -1.9872
  -1.100  -0.0146   0.02890   0.01848  -0.0598  1.0000  0.2153  -1.6557   0.0000  -3.8842
  -1.000  -0.0015   0.02835   0.01805  -0.0601  1.0000  0.2503  -1.6512   0.0000  -40.2566
  -0.900   0.0137   0.02766   0.01758  -0.0607  1.0000  0.2975  -1.6436   0.0000   4.7110
  -0.800   0.0252   0.02536   0.01757  -0.0589  1.0000  0.7121  -1.6516   0.0000   2.6004
  -0.700   0.0140   0.02462   0.01730  -0.0537  1.0000  0.9358  -1.6614   0.0000   4.1123
  -0.600   0.0190   0.02461   0.01687  -0.0528  1.0000  1.0000  -1.6471   0.0000   3.0431
  -0.500   0.0288   0.02483   0.01680  -0.0528  1.0000  1.0000  -1.6032   0.0000   2.0940
  -0.400   0.0383   0.02506   0.01681  -0.0528  1.0000  1.0000  -1.5540   0.0000   1.6394
  -0.300   0.0475   0.02530   0.01686  -0.0529  1.0000  1.0000  -1.5025   0.0000   1.3692
  -0.200   0.0566   0.02554   0.01695  -0.0530  1.0000  1.0000  -1.4501   0.0000   1.1895
  -0.100   0.0656   0.02580   0.01705  -0.0530  1.0000  1.0000  -1.3972   0.0000   1.0611
   0.000   0.0745   0.02606   0.01718  -0.0531  1.0000  1.0000  -1.3442   0.0000   0.9647
   0.100   0.0833   0.02632   0.01733  -0.0532  1.0000  1.0000  -1.2912   0.0000   0.8895
   0.200   0.0920   0.02660   0.01749  -0.0533  1.0000  1.0000  -1.2385   0.0000   0.8293
   0.300   0.1007   0.02688   0.01767  -0.0533  1.0000  1.0000  -1.1861   0.0000   0.7799
   0.400   0.1092   0.02717   0.01786  -0.0534  1.0000  1.0000  -1.1341   0.0000   0.7387
   0.500   0.1176   0.02747   0.01806  -0.0535  1.0000  1.0000  -1.0825   0.0000   0.7038
   0.600   0.1260   0.02777   0.01828  -0.0535  1.0000  1.0000  -1.0316   0.0000   0.6738
   0.700   0.1342   0.02809   0.01852  -0.0536  1.0000  1.0000  -0.9812   0.0000   0.6478
   0.800   0.1424   0.02841   0.01877  -0.0536  1.0000  1.0000  -0.9314   0.0000   0.6251
   0.900   0.1505   0.02874   0.01903  -0.0537  1.0000  1.0000  -0.8822   0.0000   0.6050
   1.000   0.1585   0.02908   0.01930  -0.0538  1.0000  1.0000  -0.8336   0.0000   0.5871
   1.100   0.1665   0.02943   0.01959  -0.0538  1.0000  1.0000  -0.7857   0.0000   0.5711
   1.200   0.1744   0.02979   0.01989  -0.0539  1.0000  1.0000  -0.7385   0.0000   0.5567
   1.300   0.1822   0.03016   0.02020  -0.0539  1.0000  1.0000  -0.6918   0.0000   0.5436
   1.400   0.1899   0.03054   0.02053  -0.0540  1.0000  1.0000  -0.6459   0.0000   0.5318
   1.500   0.1975   0.03093   0.02087  -0.0541  1.0000  1.0000  -0.6006   0.0000   0.5210
   1.600   0.2051   0.03133   0.02123  -0.0541  1.0000  1.0000  -0.5560   0.0000   0.5111
   1.700   0.2125   0.03174   0.02160  -0.0542  1.0000  1.0000  -0.5119   0.0000   0.5020
   1.800   0.2326   0.03244   0.02223  -0.0566  0.9944  1.0000  -0.4815   0.0000   0.4902
   1.900   0.2531   0.03313   0.02285  -0.0590  0.9878  1.0000  -0.4971   0.0000   0.4800
   2.000   0.2739   0.03383   0.02344  -0.0614  0.9812  1.0000  -0.5134   0.0000   0.4710
   2.100   0.2935   0.03446   0.02403  -0.0636  0.9745  1.0000  -0.5303   0.0000   0.4634
   2.200   0.3101   0.03501   0.02453  -0.0653  0.9673  1.0000  -0.5451   0.0000   0.4570
   2.300   0.3299   0.03562   0.02511  -0.0674  0.9606  1.0000  -0.5625   0.0000   0.4508
   2.400   0.3458   0.03613   0.02558  -0.0688  0.9533  1.0000  -0.5770   0.0000   0.4455
   2.500   0.3624   0.03662   0.02605  -0.0704  0.9462  1.0000  -0.5926   0.0000   0.4405
   2.600   0.3856   0.03732   0.02671  -0.0729  0.9401  1.0000  -0.6152   0.0000   0.4354
   2.700   0.3929   0.03757   0.02696  -0.0729  0.9321  1.0000  -0.6248   0.0000   0.4317
   2.800   0.4132   0.03811   0.02748  -0.0749  0.9254  1.0000  -0.6452   0.0000   0.4274
   2.900   0.4306   0.03863   0.02799  -0.0764  0.9187  1.0000  -0.6649   0.0000   0.4235
   3.000   0.4396   0.03893   0.02829  -0.0766  0.9105  1.0000  -0.6778   0.0000   0.4201
   3.100   0.4610   0.03942   0.02877  -0.0786  0.9037  1.0000  -0.7023   0.0000   0.4164
   3.200   0.4794   0.03992   0.02926  -0.0802  0.8971  1.0000  -0.7241   0.0000   0.4131
   3.300   0.4848   0.04018   0.02954  -0.0797  0.8886  1.0000  -0.7341   0.0000   0.4102
   3.400   0.5040   0.04058   0.02994  -0.0813  0.8815  1.0000  -0.7601   0.0000   0.4070
   3.500   0.5340   0.04110   0.03048  -0.0845  0.8759  1.0000  -0.7976   0.0000   0.4038
   3.600   0.5308   0.04132   0.03071  -0.0827  0.8661  1.0000  -0.8003   0.0000   0.4013
   3.700   0.5465   0.04162   0.03103  -0.0837  0.8581  1.0000  -0.8231   0.0000   0.3985
   3.800   0.5733   0.04192   0.03136  -0.0861  0.8519  1.0000  -0.8582   0.0000   0.3956
   3.900   0.5815   0.04229   0.03174  -0.0860  0.8438  1.0000  -0.8732   0.0000   0.3931
   4.000   0.5881   0.04257   0.03205  -0.0856  0.8346  1.0000  -0.8865   0.0000   0.3907
   4.100   0.6103   0.04271   0.03232  -0.0872  0.8272  1.0000  -0.9187   0.0000   0.3880
   4.200   0.6439   0.04276   0.03241  -0.0902  0.8216  1.0000  -0.9689   0.0000   0.3851
   4.300   0.6346   0.04323   0.03289  -0.0877  0.8103  1.0000  -0.9647   0.0000   0.3831
   4.400   0.6498   0.04336   0.03305  -0.0883  0.8017  1.0000  -0.9918   0.0000   0.3807
   4.500   0.6770   0.04324   0.03298  -0.0902  0.7953  1.0000  -1.0351   0.0000   0.3780
   4.600   0.6952   0.04333   0.03310  -0.0910  0.7880  1.0000  -1.0698   0.0000   0.3756
   4.700   0.6921   0.04379   0.03359  -0.0894  0.7765  1.0000  -1.0748   0.0000   0.3737
   4.800   0.7134   0.04359   0.03344  -0.0903  0.7684  1.0000  -1.1170   0.0000   0.3711
   4.900   0.7450   0.04304   0.03296  -0.0923  0.7627  1.0000  -1.1760   0.0000   0.3683
   5.000   0.7459   0.04354   0.03348  -0.0911  0.7524  1.0000  -1.1872   0.0000   0.3664
   5.100   0.7540   0.04366   0.03365  -0.0906  0.7418  1.0000  -1.2097   0.0000   0.3643
   5.200   0.7809   0.04294   0.03300  -0.0916  0.7343  1.0000  -1.2633   0.0000   0.3615
   5.300   0.8189   0.04162   0.03179  -0.0936  0.7292  1.0000  -1.3358   0.0000   0.3584
   5.400   0.8047   0.04287   0.03303  -0.0910  0.7155  1.0000  -1.3223   0.0000   0.3571
   5.500   0.8219   0.04243   0.03266  -0.0911  0.7061  1.0000  -1.3612   0.0000   0.3546
   5.600   0.8559   0.04089   0.03123  -0.0922  0.6998  1.0000  -1.4399   0.0000   0.3515
   5.700   0.8966   0.03872   0.02920  -0.0936  0.6954  1.0000  -1.5336   0.0000   0.3481
   5.800   0.8756   0.04069   0.03114  -0.0907  0.6791  1.0000  -1.5051   0.0000   0.3471
   5.900   0.9015   0.03931   0.02987  -0.0908  0.6709  1.0000  -1.5708   0.0000   0.3442
   6.000   0.9451   0.03661   0.02756  -0.0921  0.6646  1.0000  -1.6736   0.0000   0.3408
   6.100   0.9775   0.03488   0.02595  -0.0930  0.6561  1.0000  -1.7539   0.0000   0.3383
   6.200   0.9693   0.03576   0.02685  -0.0905  0.6413  1.0000  -1.7520   0.0000   0.3364
   6.300   1.0117   0.03316   0.02436  -0.0919  0.6311  1.0000  -1.8544   0.0000   0.3338
   6.400   1.0370   0.03183   0.02308  -0.0920  0.6178  1.0000  -1.9219   0.0000   0.3316
   6.500   1.0470   0.03146   0.02275  -0.0908  0.6020  1.0000  -1.9633   0.0000   0.3295
   6.600   1.0822   0.02964   0.02089  -0.0919  0.5846  1.0000  -2.0844   0.0000   0.3275
   6.700   1.0868   0.02970   0.02098  -0.0903  0.5665  1.0000  -2.1227   0.0000   0.3255
   6.800   1.1090   0.02889   0.02006  -0.0903  0.5459  1.0000  -2.2127   0.0000   0.3238
   6.900   1.1185   0.02881   0.01992  -0.0892  0.5252  1.0000  -2.2654   0.0000   0.3220
   7.000   1.1301   0.02882   0.01983  -0.0885  0.5046  1.0000  -2.3236   0.0000   0.3204
   7.100   1.1444   0.02872   0.01953  -0.0880  0.4822  1.0000  -2.3911   0.0000   0.3188
   7.200   1.1483   0.02917   0.01996  -0.0866  0.4629  1.0000  -2.4257   0.0000   0.3172
   7.300   1.1627   0.02932   0.01980  -0.0863  0.4407  1.0000  -2.4938   0.0000   0.3158
   7.400   1.1643   0.02984   0.02037  -0.0846  0.4234  1.0000  -2.5209   0.0000   0.3142
   7.500   1.1771   0.03024   0.02047  -0.0844  0.4036  1.0000  -2.5831   0.0000   0.3130
   7.600   1.1798   0.03081   0.02111  -0.0830  0.3881  1.0000  -2.6120   0.0000   0.3115
   7.700   1.1943   0.03140   0.02135  -0.0831  0.3698  1.0000  -2.6781   0.0000   0.3106
   7.800   1.1959   0.03201   0.02211  -0.0816  0.3571  1.0000  -2.7025   0.0000   0.3092
   7.900   1.2042   0.03249   0.02246  -0.0809  0.3426  1.0000  -2.7507   0.0000   0.3080
   8.000   1.2128   0.03326   0.02312  -0.0804  0.3290  1.0000  -2.7966   0.0000   0.3070
   8.100   1.2171   0.03381   0.02372  -0.0793  0.3171  1.0000  -2.8306   0.0000   0.3057
   8.300   1.2345   0.03537   0.02538  -0.0784  0.2934  1.0000  -2.9215   0.0000   0.3038
   8.400   1.2410   0.03608   0.02616  -0.0776  0.2839  1.0000  -2.9581   0.0000   0.3027
   8.500   1.2521   0.03679   0.02675  -0.0775  0.2743  1.0000  -3.0113   0.0000   0.3019
   8.600   1.2636   0.03798   0.02786  -0.0776  0.2653  1.0000  -3.0607   0.0000   0.3013
   8.700   1.2667   0.03869   0.02877  -0.0764  0.2585  1.0000  -3.0854   0.0000   0.3001
   8.800   1.2724   0.03935   0.02948  -0.0756  0.2507  1.0000  -3.1213   0.0000   0.2990
   8.900   1.2826   0.03995   0.02993  -0.0754  0.2420  1.0000  -3.1765   0.0000   0.2983
   9.000   1.2924   0.04120   0.03109  -0.0754  0.2341  1.0000  -3.2228   0.0000   0.2977
   9.100   1.2944   0.04189   0.03199  -0.0741  0.2287  1.0000  -3.2443   0.0000   0.2964
   9.200   1.2988   0.04269   0.03292  -0.0731  0.2230  1.0000  -3.2724   0.0000   0.2954
   9.300   1.3060   0.04354   0.03382  -0.0726  0.2175  1.0000  -3.3086   0.0000   0.2945
   9.400   1.3166   0.04446   0.03467  -0.0725  0.2119  1.0000  -3.3572   0.0000   0.2939
   9.500   1.3304   0.04654   0.03661  -0.0733  0.2059  1.0000  -3.4056   0.0000   0.2937
   9.600   1.3317   0.04746   0.03778  -0.0719  0.2033  1.0000  -3.4172   0.0000   0.2925
   9.700   1.3334   0.04854   0.03909  -0.0706  0.2004  1.0000  -3.4286   0.0000   0.2914
   9.800   1.3353   0.04965   0.04038  -0.0695  0.1971  1.0000  -3.4418   0.0000   0.2904
   9.900   1.3381   0.05068   0.04155  -0.0685  0.1934  1.0000  -3.4604   0.0000   0.2894
  10.000   1.3418   0.05155   0.04249  -0.0675  0.1891  1.0000  -3.4865   0.0000   0.2884
  10.100   1.3497   0.05219   0.04307  -0.0671  0.1838  1.0000  -3.5331   0.0000   0.2877
  10.200   1.3627   0.05435   0.04498  -0.0680  0.1772  1.0000  -3.5985   0.0000   0.2876
  10.300   1.3595   0.05511   0.04598  -0.0662  0.1753  1.0000  -3.6069   0.0000   0.2863
  10.400   1.3563   0.05612   0.04721  -0.0645  0.1731  1.0000  -3.6141   0.0000   0.2851
  10.500   1.3536   0.05733   0.04860  -0.0630  0.1710  1.0000  -3.6208   0.0000   0.2840
  10.600   1.3509   0.05870   0.05015  -0.0616  0.1693  1.0000  -3.6260   0.0000   0.2829
  10.700   1.3479   0.06011   0.05173  -0.0602  0.1677  1.0000  -3.6301   0.0000   0.2819
  10.800   1.3446   0.06155   0.05331  -0.0588  0.1662  1.0000  -3.6332   0.0000   0.2808
  10.900   1.3409   0.06301   0.05491  -0.0575  0.1648  1.0000  -3.6354   0.0000   0.2799
  11.000   1.3368   0.06449   0.05652  -0.0561  0.1636  1.0000  -3.6363   0.0000   0.2789
  11.100   1.3321   0.06598   0.05812  -0.0548  0.1624  1.0000  -3.6354   0.0000   0.2779
  11.200   1.3262   0.06744   0.05969  -0.0534  0.1615  1.0000  -3.6311   0.0000   0.2769
  11.300   1.3196   0.06897   0.06132  -0.0520  0.1607  1.0000  -3.6239   0.0000   0.2759
  11.400   1.3116   0.07057   0.06302  -0.0505  0.1602  1.0000  -3.6114   0.0000   0.2750
  11.500   1.3008   0.07230   0.06486  -0.0491  0.1600  1.0000  -3.5883   0.0000   0.2741
  11.600   1.2856   0.07428   0.06694  -0.0476  0.1604  1.0000  -3.5477   0.0000   0.2732
  11.700   1.2659   0.07659   0.06938  -0.0463  0.1615  1.0000  -3.4890   0.0000   0.2727
  11.800   1.2438   0.07929   0.07219  -0.0455  0.1629  1.0000  -3.4187   0.0000   0.2725
  11.900   1.2211   0.08239   0.07538  -0.0452  0.1645  1.0000  -3.3428   0.0000   0.2729
  12.000   1.1977   0.08587   0.07893  -0.0454  0.1662  1.0000  -3.2606   0.0000   0.2737
  12.100   1.1743   0.08978   0.08289  -0.0463  0.1679  1.0000  -3.1735   0.0000   0.2751
  12.200   1.1516   0.09408   0.08723  -0.0477  0.1697  1.0000  -3.0839   0.0000   0.2770
  12.300   1.1305   0.09869   0.09185  -0.0496  0.1712  1.0000  -2.9945   0.0000   0.2794
  12.400   1.1116   0.10347   0.09663  -0.0518  0.1726  1.0000  -2.9085   0.0000   0.2820
  12.500   1.0953   0.10827   0.10143  -0.0541  0.1737  1.0000  -2.8328   0.0000   0.2847
  12.600   1.0815   0.11296   0.10611  -0.0563  0.1745  1.0000  -2.7650   0.0000   0.2873
  12.700   1.0702   0.11746   0.11060  -0.0584  0.1753  1.0000  -2.7038   0.0000   0.2898
  12.800   1.0613   0.12177   0.11490  -0.0603  0.1758  1.0000  -2.6497   0.0000   0.2920
  12.900   1.0546   0.12584   0.11897  -0.0620  0.1763  1.0000  -2.6031   0.0000   0.2939
  13.000   1.0499   0.12961   0.12274  -0.0633  0.1768  1.0000  -2.5649   0.0000   0.2954
  13.100   1.0473   0.13313   0.12627  -0.0644  0.1772  1.0000  -2.5377   0.0000   0.2965
  13.400   0.8986   0.17102   0.16357  -0.0997  0.3167  1.0000  -1.6004   0.0000   0.3470
  13.500   0.9567   0.17815   0.17093  -0.0959  0.3029  1.0000  -1.7550   0.0000   0.3362
  13.700   0.9688   0.18655   0.17936  -0.0966  0.3008  1.0000  -1.7572   0.0000   0.3356
  13.800   0.9576   0.18665   0.17943  -0.0979  0.3002  1.0000  -1.7201   0.0000   0.3380
  13.900   0.9414   0.18547   0.17820  -0.0995  0.2991  1.0000  -1.6727   0.0000   0.3412
  14.000   0.9206   0.18267   0.17532  -0.1010  0.2956  1.0000  -1.6171   0.0000   0.3450
  14.100   0.9134   0.18235   0.17499  -0.1020  0.2906  1.0000  -1.5921   0.0000   0.3468
  14.200   0.9133   0.18336   0.17600  -0.1025  0.2863  1.0000  -1.5840   0.0000   0.3473
  14.300   0.9161   0.18477   0.17743  -0.1028  0.2824  1.0000  -1.5830   0.0000   0.3471
  14.400   0.9211   0.18651   0.17920  -0.1029  0.2789  1.0000  -1.5876   0.0000   0.3465
  14.500   0.9287   0.18874   0.18147  -0.1028  0.2759  1.0000  -1.5985   0.0000   0.3453
  14.600   0.9408   0.19201   0.18479  -0.1024  0.2731  1.0000  -1.6205   0.0000   0.3433
  14.700   0.9642   0.19873   0.19182  -0.1014  0.2703  1.0000  -1.6950   0.0000   0.3396
  14.800   0.9822   0.20732   0.20046  -0.1007  0.2678  1.0000  -1.7450   0.0000   0.3369
  14.900   0.9712   0.20652   0.19962  -0.1023  0.2672  1.0000  -1.7039   0.0000   0.3395
  15.000   0.9584   0.20486   0.19791  -0.1039  0.2663  1.0000  -1.6579   0.0000   0.3425
  15.100   0.9446   0.20203   0.19503  -0.1055  0.2645  1.0000  -1.6095   0.0000   0.3456
  15.200   0.9356   0.20011   0.19307  -0.1071  0.2605  1.0000  -1.5744   0.0000   0.3481
  15.300   0.9339   0.20034   0.19330  -0.1080  0.2554  1.0000  -1.5662   0.0000   0.3491
  15.400   0.9372   0.20149   0.19447  -0.1082  0.2497  1.0000  -1.5778   0.0000   0.3487
  15.600   0.9967   0.22068   0.21391  -0.1026  0.2361  1.0000  -1.7869   0.0000   0.3363
  15.700   0.9879   0.21999   0.21318  -0.1044  0.2357  1.0000  -1.7488   0.0000   0.3387
  15.800   0.9770   0.21798   0.21112  -0.1063  0.2349  1.0000  -1.7045   0.0000   0.3417
  15.900   0.9639   0.21453   0.20761  -0.1083  0.2334  1.0000  -1.6546   0.0000   0.3450
  16.000   0.9543   0.21231   0.20535  -0.1103  0.2300  1.0000  -1.6140   0.0000   0.3480
  16.100   0.9522   0.21259   0.20563  -0.1114  0.2261  1.0000  -1.5999   0.0000   0.3493
  16.200   0.9533   0.21374   0.20678  -0.1121  0.2225  1.0000  -1.5979   0.0000   0.3497
  16.300   0.9560   0.21521   0.20827  -0.1125  0.2194  1.0000  -1.6024   0.0000   0.3497
  16.400   0.9600   0.21693   0.21002  -0.1128  0.2165  1.0000  -1.6124   0.0000   0.3493
  16.500   0.9654   0.21899   0.21211  -0.1127  0.2139  1.0000  -1.6285   0.0000   0.3484
  16.600   0.9730   0.22169   0.21485  -0.1124  0.2116  1.0000  -1.6530   0.0000   0.3471
  16.700   0.9847   0.22600   0.21921  -0.1116  0.2094  1.0000  -1.6926   0.0000   0.3448
  16.800   1.0116   0.23778   0.23113  -0.1093  0.2070  1.0000  -1.8063   0.0000   0.3394
  16.900   1.0197   0.24518   0.23854  -0.1091  0.2060  1.0000  -1.8454   0.0000   0.3383
  17.000   1.0135   0.24406   0.23738  -0.1108  0.2057  1.0000  -1.8115   0.0000   0.3405
  17.100   1.0054   0.24207   0.23536  -0.1128  0.2052  1.0000  -1.7697   0.0000   0.3431
  17.200   0.9951   0.23906   0.23230  -0.1147  0.2044  1.0000  -1.7202   0.0000   0.3460
  17.300   0.9852   0.23615   0.22935  -0.1169  0.2027  1.0000  -1.6690   0.0000   0.3491
  17.400   0.9801   0.23521   0.22838  -0.1187  0.1998  1.0000  -1.6404   0.0000   0.3513
  17.500   0.9795   0.23595   0.22912  -0.1198  0.1968  1.0000  -1.6363   0.0000   0.3524
  17.600   0.9807   0.23725   0.23043  -0.1206  0.1940  1.0000  -1.6427   0.0000   0.3529
  17.700   0.9827   0.23878   0.23198  -0.1212  0.1916  1.0000  -1.6548   0.0000   0.3530
  17.800   0.9854   0.24046   0.23367  -0.1216  0.1893  1.0000  -1.6714   0.0000   0.3530
  17.900   0.9888   0.24228   0.23552  -0.1219  0.1871  1.0000  -1.6924   0.0000   0.3527
  18.000   0.9930   0.24431   0.23758  -0.1221  0.1851  1.0000  -1.7186   0.0000   0.3522
  18.100   0.9982   0.24672   0.24001  -0.1220  0.1833  1.0000  -1.7517   0.0000   0.3513
  18.200   1.0054   0.24989   0.24323  -0.1217  0.1815  1.0000  -1.7956   0.0000   0.3500
  18.300   1.0168   0.25518   0.24859  -0.1207  0.1798  1.0000  -1.8618   0.0000   0.3476
  18.400   1.0451   0.27282   0.26634  -0.1178  0.1773  1.0000  -2.0046   0.0000   0.3417
  18.500   1.0394   0.27152   0.26501  -0.1196  0.1771  1.0000  -1.9699   0.0000   0.3438
  18.600   1.0322   0.26952   0.26298  -0.1214  0.1767  1.0000  -1.9303   0.0000   0.3461
  18.700   1.0244   0.26714   0.26057  -0.1232  0.1762  1.0000  -1.8881   0.0000   0.3485
  18.800   1.0169   0.26475   0.25814  -0.1252  0.1753  1.0000  -1.8441   0.0000   0.3512
  18.900   1.0108   0.26302   0.25638  -0.1273  0.1735  1.0000  -1.8043   0.0000   0.3537
  19.000   1.0084   0.26295   0.25631  -0.1289  0.1704  1.0000  -1.7843   0.0000   0.3554
  19.100   1.0088   0.26401   0.25737  -0.1299  0.1669  1.0000  -1.7831   0.0000   0.3561
  19.200   1.0107   0.26549   0.25887  -0.1305  0.1632  1.0000  -1.7944   0.0000   0.3563
  19.300   1.0143   0.26726   0.26067  -0.1306  0.1596  1.0000  -1.8188   0.0000   0.3557
  19.400   1.0205   0.26970   0.26315  -0.1300  0.1561  1.0000  -1.8628   0.0000   0.3543
  19.500   1.0304   0.27402   0.26753  -0.1288  0.1535  1.0000  -1.9288   0.0000   0.3517
  19.600   1.0658   0.29571   0.28937  -0.1242  0.1506  1.0000  -2.1159   0.0000   0.3434
  19.700   1.0620   0.29538   0.28902  -0.1258  0.1504  1.0000  -2.0869   0.0000   0.3451
  19.800   1.0571   0.29447   0.28810  -0.1274  0.1502  1.0000  -2.0538   0.0000   0.3469
  19.900   1.0511   0.29300   0.28660  -0.1290  0.1499  1.0000  -2.0168   0.0000   0.3489
  20.000   1.0450   0.29140   0.28498  -0.1307  0.1495  1.0000  -1.9784   0.0000   0.3510


