QBlade v0.963 64bit

 Calculated polar for: S822

 1 1 Reynolds number fixed          Mach number fixed         

 xtrf =   1.000 (top)        1.000 (bottom)
 Mach =   0.000     Re =     0.075 e 6     Ncrit =   9.000

  alpha     CL        CD       CDp       Cm    Top Xtr Bot Xtr   Cpmin    Chinge    XCp    
 ------- -------- --------- --------- -------- ------- ------- -------- --------- ---------
 -10.000  -0.8993   0.05679   0.05084  -0.0418  1.0000  0.0907  -4.4795   0.0000   0.1907
  -9.900  -0.9067   0.05571   0.04966  -0.0400  1.0000  0.0910  -4.4933   0.0000   0.1932
  -9.800  -0.9133   0.05458   0.04844  -0.0383  1.0000  0.0912  -4.5054   0.0000   0.1955
  -9.700  -0.9190   0.05344   0.04718  -0.0367  1.0000  0.0916  -4.5150   0.0000   0.1977
  -9.600  -0.9238   0.05230   0.04592  -0.0351  1.0000  0.0920  -4.5216   0.0000   0.1998
  -9.500  -0.9277   0.05116   0.04467  -0.0336  1.0000  0.0925  -4.5250   0.0000   0.2017
  -9.400  -0.9307   0.05004   0.04342  -0.0321  1.0000  0.0932  -4.5253   0.0000   0.2035
  -9.300  -0.9329   0.04895   0.04219  -0.0307  1.0000  0.0940  -4.5224   0.0000   0.2053
  -9.200  -0.9342   0.04788   0.04099  -0.0294  1.0000  0.0949  -4.5160   0.0000   0.2069
  -9.100  -0.9348   0.04686   0.03983  -0.0281  1.0000  0.0960  -4.5062   0.0000   0.2084
  -9.000  -0.9347   0.04590   0.03874  -0.0268  1.0000  0.0972  -4.4928   0.0000   0.2098
  -8.900  -0.9339   0.04504   0.03773  -0.0256  1.0000  0.0985  -4.4752   0.0000   0.2112
  -8.800  -0.9324   0.04431   0.03685  -0.0245  1.0000  0.0999  -4.4524   0.0000   0.2125
  -8.700  -0.9303   0.04376   0.03614  -0.0233  1.0000  0.1010  -4.4231   0.0000   0.2138
  -8.600  -0.9308   0.04148   0.03371  -0.0223  1.0000  0.1033  -4.4349   0.0000   0.2150
  -8.500  -0.9285   0.03970   0.03186  -0.0215  1.0000  0.1066  -4.4181   0.0000   0.2159
  -8.400  -0.9244   0.03887   0.03105  -0.0207  1.0000  0.1097  -4.3713   0.0000   0.2167
  -8.300  -0.9200   0.03833   0.03053  -0.0200  1.0000  0.1129  -4.3180   0.0000   0.2176
  -8.200  -0.9155   0.03784   0.03002  -0.0192  1.0000  0.1163  -4.2661   0.0000   0.2185
  -8.100  -0.9110   0.03732   0.02945  -0.0183  1.0000  0.1199  -4.2169   0.0000   0.2194
  -8.000  -0.9064   0.03677   0.02863  -0.0175  1.0000  0.1238  -4.1723   0.0000   0.2203
  -7.900  -0.9017   0.03624   0.02799  -0.0167  1.0000  0.1276  -4.1252   0.0000   0.2212
  -7.800  -0.8969   0.03591   0.02753  -0.0159  1.0000  0.1312  -4.0732   0.0000   0.2221
  -7.700  -0.8924   0.03494   0.02650  -0.0152  1.0000  0.1366  -4.0291   0.0000   0.2229
  -7.600  -0.8878   0.03414   0.02584  -0.0146  1.0000  0.1436  -3.9682   0.0000   0.2236
  -7.500  -0.8831   0.03396   0.02574  -0.0139  1.0000  0.1498  -3.8998   0.0000   0.2244
  -7.400  -0.8781   0.03375   0.02553  -0.0132  1.0000  0.1564  -3.8367   0.0000   0.2253
  -7.300  -0.8728   0.03346   0.02514  -0.0125  1.0000  0.1628  -3.7795   0.0000   0.2261
  -7.200  -0.8673   0.03321   0.02474  -0.0118  1.0000  0.1679  -3.7235   0.0000   0.2269
  -7.100  -0.8609   0.03191   0.02351  -0.0112  1.0000  0.1761  -3.6761   0.0000   0.2275
  -7.000  -0.8552   0.03140   0.02309  -0.0106  1.0000  0.1833  -3.6136   0.0000   0.2283
  -6.900  -0.8493   0.03108   0.02279  -0.0100  1.0000  0.1907  -3.5502   0.0000   0.2291
  -6.800  -0.8431   0.03076   0.02242  -0.0093  1.0000  0.1987  -3.4886   0.0000   0.2298
  -6.700  -0.8368   0.03049   0.02202  -0.0088  1.0000  0.2060  -3.4282   0.0000   0.2305
  -6.600  -0.8302   0.02967   0.02128  -0.0082  1.0000  0.2159  -3.3695   0.0000   0.2312
  -6.500  -0.8245   0.02932   0.02106  -0.0076  1.0000  0.2255  -3.3022   0.0000   0.2319
  -6.400  -0.8185   0.02916   0.02092  -0.0071  1.0000  0.2359  -3.2342   0.0000   0.2327
  -6.300  -0.8123   0.02902   0.02069  -0.0065  1.0000  0.2463  -3.1684   0.0000   0.2334
  -6.200  -0.8057   0.02850   0.02022  -0.0060  1.0000  0.2580  -3.1046   0.0000   0.2340
  -6.100  -0.7996   0.02818   0.02006  -0.0054  1.0000  0.2694  -3.0364   0.0000   0.2348
  -6.000  -0.7931   0.02801   0.01990  -0.0049  1.0000  0.2809  -2.9686   0.0000   0.2355
  -5.900  -0.7862   0.02784   0.01963  -0.0044  1.0000  0.2920  -2.9028   0.0000   0.2361
  -5.800  -0.7791   0.02735   0.01923  -0.0040  1.0000  0.3045  -2.8377   0.0000   0.2368
  -5.700  -0.7725   0.02708   0.01909  -0.0034  1.0000  0.3164  -2.7696   0.0000   0.2376
  -5.600  -0.7657   0.02692   0.01894  -0.0029  1.0000  0.3291  -2.7019   0.0000   0.2383
  -5.500  -0.7585   0.02682   0.01872  -0.0025  1.0000  0.3415  -2.6353   0.0000   0.2389
  -5.400  -0.7517   0.02643   0.01854  -0.0019  1.0000  0.3563  -2.5681   0.0000   0.2397
  -5.300  -0.7451   0.02631   0.01851  -0.0013  1.0000  0.3702  -2.4999   0.0000   0.2406
  -5.200  -0.7379   0.02621   0.01836  -0.0009  1.0000  0.3847  -2.4329   0.0000   0.2413
  -5.100  -0.7306   0.02597   0.01816  -0.0004  1.0000  0.3990  -2.3667   0.0000   0.2419
  -5.000  -0.7239   0.02581   0.01818   0.0003  1.0000  0.4131  -2.2995   0.0000   0.2430
  -4.900  -0.7168   0.02573   0.01810   0.0008  1.0000  0.4278  -2.2331   0.0000   0.2439
  -4.800  -0.7091   0.02564   0.01790   0.0011  1.0000  0.4418  -2.1685   0.0000   0.2443
  -4.700  -0.7022   0.02545   0.01792   0.0019  1.0000  0.4566  -2.1042   0.0000   0.2456
  -4.600  -0.6953   0.02542   0.01798   0.0026  1.0000  0.4714  -2.0408   0.0000   0.2467
  -4.500  -0.6879   0.02539   0.01790   0.0030  1.0000  0.4875  -1.9918   0.0000   0.2475
  -4.400  -0.6808   0.02531   0.01791   0.0037  1.0000  0.5023  -1.9478   0.0000   0.2486
  -4.300  -0.6744   0.02537   0.01811   0.0047  1.0000  0.5164  -1.9037   0.0000   0.2502
  -4.200  -0.6673   0.02542   0.01816   0.0053  1.0000  0.5322  -1.8600   0.0000   0.2513
  -4.100  -0.6597   0.02541   0.01811   0.0057  1.0000  0.5473  -1.8164   0.0000   0.2521
  -4.000  -0.6536   0.02552   0.01837   0.0069  1.0000  0.5596  -1.7737   0.0000   0.2542
  -3.900  -0.6470   0.02567   0.01855   0.0079  1.0000  0.5730  -1.7310   0.0000   0.2559
  -3.800  -0.6396   0.02574   0.01835   0.0084  1.0000  0.5884  -1.6877   0.0000   0.2569
  -3.700  -0.6328   0.02581   0.01845   0.0092  1.0000  0.6013  -1.6458   0.0000   0.2584
  -3.600  -0.6271   0.02603   0.01876   0.0106  1.0000  0.6122  -1.6050   0.0000   0.2608
  -3.500  -0.6209   0.02623   0.01898   0.0117  1.0000  0.6248  -1.5642   0.0000   0.2628
  -3.400  -0.6138   0.02635   0.01904   0.0122  1.0000  0.6394  -1.5313   0.0000   0.2641
  -3.300  -0.6073   0.02645   0.01915   0.0131  1.0000  0.6510  -1.5012   0.0000   0.2658
  -3.200  -0.6022   0.02670   0.01947   0.0147  1.0000  0.6601  -1.4723   0.0000   0.2687
  -3.100  -0.5967   0.02695   0.01973   0.0160  1.0000  0.6706  -1.4433   0.0000   0.2713
  -3.000  -0.5903   0.02712   0.01988   0.0169  1.0000  0.6828  -1.4139   0.0000   0.2732
  -2.900  -0.5827   0.02719   0.01987   0.0172  1.0000  0.6959  -1.3837   0.0000   0.2741
  -2.800  -0.5784   0.02741   0.02015   0.0190  1.0000  0.7035  -1.3566   0.0000   0.2775
  -2.700  -0.5738   0.02769   0.02046   0.0207  1.0000  0.7117  -1.3294   0.0000   0.2808
  -2.600  -0.5688   0.02795   0.02071   0.0221  1.0000  0.7215  -1.3020   0.0000   0.2838
  -2.500  -0.5628   0.02812   0.02086   0.0231  1.0000  0.7330  -1.2741   0.0000   0.2859
  -2.400  -0.5560   0.02821   0.02089   0.0236  1.0000  0.7444  -1.2456   0.0000   0.2874
  -2.300  -0.5524   0.02845   0.02115   0.0256  1.0000  0.7512  -1.2204   0.0000   0.2914
  -2.200  -0.5482   0.02871   0.02143   0.0273  1.0000  0.7589  -1.1948   0.0000   0.2951
  -2.100  -0.5435   0.02894   0.02164   0.0288  1.0000  0.7681  -1.1687   0.0000   0.2982
  -2.000  -0.5379   0.02909   0.02176   0.0297  1.0000  0.7789  -1.1479   0.0000   0.3007
  -1.900  -0.5316   0.02918   0.02179   0.0303  1.0000  0.7896  -1.1270   0.0000   0.3025
  -1.800  -0.5282   0.02936   0.02198   0.0323  1.0000  0.7963  -1.1083   0.0000   0.3067
  -1.700  -0.5241   0.02957   0.02220   0.0340  1.0000  0.8041  -1.0890   0.0000   0.3106
  -1.600  -0.5195   0.02975   0.02236   0.0354  1.0000  0.8135  -1.0696   0.0000   0.3140
  -1.500  -0.5144   0.02986   0.02243   0.0364  1.0000  0.8243  -1.0503   0.0000   0.3166
  -1.400  -0.5093   0.02993   0.02245   0.0373  1.0000  0.8337  -1.0311   0.0000   0.3192
  -1.300  -0.5047   0.03006   0.02259   0.0389  1.0000  0.8408  -1.0116   0.0000   0.3233
  -1.200  -0.4993   0.03023   0.02275   0.0402  1.0000  0.8492  -0.9930   0.0000   0.3268
  -1.100  -0.4942   0.03035   0.02284   0.0414  1.0000  0.8590  -0.9776   0.0000   0.3300
  -1.000  -0.4901   0.03040   0.02284   0.0423  1.0000  0.8698  -0.9637   0.0000   0.3328
  -0.900  -0.4831   0.03050   0.02293   0.0432  1.0000  0.8774  -0.9461   0.0000   0.3360
  -0.800  -0.4739   0.03072   0.02313   0.0437  1.0000  0.8854  -0.9262   0.0000   0.3389
  -0.700  -0.4659   0.03090   0.02328   0.0442  1.0000  0.8948  -0.9079   0.0000   0.3417
  -0.600  -0.4611   0.03095   0.02330   0.0451  1.0000  0.9055  -0.8935   0.0000   0.3447
  -0.500  -0.4481   0.03120   0.02352   0.0446  1.0000  0.9128  -0.8703   0.0000   0.3465
  -0.400  -0.4305   0.03161   0.02389   0.0431  1.0000  0.9196  -0.8424   0.0000   0.3472
  -0.300  -0.4145   0.03198   0.02423   0.0419  1.0000  0.9275  -0.8182   0.0000   0.3482
  -0.200  -0.4039   0.03221   0.02442   0.0416  1.0000  0.9372  -0.8017   0.0000   0.3501
  -0.100  -0.3826   0.03270   0.02487   0.0391  1.0000  0.9430  -0.7758   0.0000   0.3496
   0.000  -0.3569   0.03331   0.02544   0.0358  1.0000  0.9478  -0.7463   0.0000   0.3477
   0.100  -0.3326   0.03390   0.02590   0.0327  1.0000  0.9531  -0.7182   0.0000   0.3457
   0.200  -0.3093   0.03447   0.02643   0.0296  1.0000  0.9589  -0.6915   0.0000   0.3434
   0.300  -0.2892   0.03497   0.02689   0.0272  1.0000  0.9656  -0.6706   0.0000   0.3418
   0.400  -0.2607   0.03562   0.02750   0.0231  1.0000  0.9690  -0.6440   0.0000   0.3364
   0.500  -0.2347   0.03622   0.02806   0.0194  1.0000  0.9733  -0.6195   0.0000   0.3306
   0.600  -0.2111   0.03678   0.02859   0.0161  1.0000  0.9787  -0.5970   0.0000   0.3246
   0.700  -0.1893   0.03733   0.02911   0.0132  1.0000  0.9847  -0.5760   0.0000   0.3181
   0.800  -0.1652   0.03785   0.02958   0.0097  1.0000  0.9888  -0.5552   0.0000   0.3075
   0.900  -0.1412   0.03843   0.03014   0.0062  1.0000  0.9942  -0.5358   0.0000   0.2933
   1.000  -0.1152   0.03914   0.03082   0.0023  1.0000  1.0000  -0.5155   0.0000   0.2698
   1.100  -0.1159   0.03895   0.03061   0.0033  1.0000  1.0000  -0.5123   0.0000   0.2790
   1.200  -0.1166   0.03876   0.03041   0.0043  1.0000  1.0000  -0.5092   0.0000   0.2883
   1.300  -0.1173   0.03858   0.03021   0.0054  1.0000  1.0000  -0.5060   0.0000   0.2975
   1.400  -0.1181   0.03839   0.03001   0.0065  1.0000  1.0000  -0.5028   0.0000   0.3067
   1.500  -0.1189   0.03820   0.02981   0.0075  1.0000  1.0000  -0.4996   0.0000   0.3159
   1.600  -0.1197   0.03800   0.02960   0.0086  1.0000  1.0000  -0.4964   0.0000   0.3250
   1.700  -0.1205   0.03781   0.02940   0.0097  1.0000  1.0000  -0.4939   0.0000   0.3340
   1.800  -0.1103   0.03803   0.02960   0.0087  0.9973  1.0000  -0.4851   0.0000   0.3337
   1.900  -0.1003   0.03824   0.02981   0.0078  0.9942  1.0000  -0.4763   0.0000   0.3338
   2.000  -0.0806   0.03889   0.03043   0.0051  0.9874  1.0000  -0.4620   0.0000   0.3220
   2.100  -0.0707   0.03928   0.03080   0.0043  0.9839  1.0000  -0.4535   0.0000   0.3212
   2.200  -0.0468   0.03985   0.03136   0.0010  0.9725  1.0000  -0.4365   0.0000   0.2897
   2.300  -0.0296   0.04081   0.03230  -0.0011  0.9674  1.0000  -0.4240   0.0000   0.2455
   2.400   0.1354   0.04246   0.03389  -0.0247  0.8765  1.0000  -0.4943   0.0000   0.4228
   2.500   0.1355   0.04234   0.03377  -0.0235  0.8716  1.0000  -0.4966   0.0000   0.4132
   2.600   0.1405   0.04235   0.03378  -0.0230  0.8670  1.0000  -0.5019   0.0000   0.4037
   2.700   0.1496   0.04247   0.03390  -0.0232  0.8629  1.0000  -0.5098   0.0000   0.3950
   2.800   0.1624   0.04272   0.03415  -0.0240  0.8593  1.0000  -0.5201   0.0000   0.3878
   2.900   0.1819   0.04321   0.03464  -0.0258  0.8559  1.0000  -0.5362   0.0000   0.3823
   3.000   0.2142   0.04426   0.03569  -0.0296  0.8526  1.0000  -0.5613   0.0000   0.3793
   3.100   0.1859   0.04341   0.03483  -0.0237  0.8458  1.0000  -0.5453   0.0000   0.3676
   3.200   0.1732   0.04297   0.03439  -0.0204  0.8404  1.0000  -0.5397   0.0000   0.3571
   3.300   0.1712   0.04282   0.03423  -0.0188  0.8350  1.0000  -0.5414   0.0000   0.3484
   3.400   0.1771   0.04281   0.03422  -0.0183  0.8296  1.0000  -0.5486   0.0000   0.3420
   3.500   0.1909   0.04295   0.03436  -0.0190  0.8245  1.0000  -0.5614   0.0000   0.3383
   3.600   0.2128   0.04327   0.03469  -0.0208  0.8200  1.0000  -0.5802   0.0000   0.3373
   3.700   0.2421   0.04387   0.03530  -0.0238  0.8163  1.0000  -0.6070   0.0000   0.3383
   3.800   0.2773   0.04489   0.03639  -0.0276  0.8135  1.0000  -0.6382   0.0000   0.3404
   3.900   0.2275   0.04362   0.03503  -0.0188  0.8037  1.0000  -0.6041   0.0000   0.3216
   4.000   0.2230   0.04351   0.03491  -0.0169  0.7981  1.0000  -0.6045   0.0000   0.3143
   4.200   0.2396   0.04369   0.03515  -0.0167  0.7877  1.0000  -0.6252   0.0000   0.3083
   4.300   0.2574   0.04387   0.03534  -0.0178  0.7831  1.0000  -0.6437   0.0000   0.3082
   4.400   0.2809   0.04411   0.03559  -0.0197  0.7791  1.0000  -0.6701   0.0000   0.3094
   4.500   0.3091   0.04445   0.03596  -0.0221  0.7758  1.0000  -0.7010   0.0000   0.3113
   4.600   0.3407   0.04498   0.03653  -0.0250  0.7731  1.0000  -0.7351   0.0000   0.3136
   4.800   0.3067   0.04467   0.03618  -0.0182  0.7549  1.0000  -0.7139   0.0000   0.2983
   4.900   0.3157   0.04478   0.03631  -0.0182  0.7492  1.0000  -0.7274   0.0000   0.2966
   5.000   0.3300   0.04489   0.03644  -0.0188  0.7444  1.0000  -0.7493   0.0000   0.2961
   5.100   0.3493   0.04495   0.03653  -0.0199  0.7401  1.0000  -0.7768   0.0000   0.2964
   5.200   0.3727   0.04496   0.03657  -0.0214  0.7365  1.0000  -0.8092   0.0000   0.2972
   5.300   0.3995   0.04495   0.03661  -0.0233  0.7335  1.0000  -0.8469   0.0000   0.2983
   5.400   0.4284   0.04499   0.03669  -0.0254  0.7310  1.0000  -0.8935   0.0000   0.2994
   5.600   0.4021   0.04557   0.03726  -0.0203  0.7110  1.0000  -0.8768   0.0000   0.2898
   5.700   0.4130   0.04558   0.03730  -0.0204  0.7047  1.0000  -0.9001   0.0000   0.2887
   5.800   0.4297   0.04550   0.03725  -0.0210  0.6998  1.0000  -0.9313   0.0000   0.2883
   5.900   0.4507   0.04528   0.03708  -0.0220  0.6957  1.0000  -0.9689   0.0000   0.2884
   6.000   0.4747   0.04493   0.03679  -0.0232  0.6923  1.0000  -1.0112   0.0000   0.2886
   6.100   0.5017   0.04449   0.03641  -0.0247  0.6895  1.0000  -1.0581   0.0000   0.2890
   6.200   0.5295   0.04403   0.03616  -0.0262  0.6871  1.0000  -1.1127   0.0000   0.2893
   6.400   0.5039   0.04540   0.03752  -0.0217  0.6646  1.0000  -1.0935   0.0000   0.2823
   6.500   0.5171   0.04521   0.03738  -0.0218  0.6583  1.0000  -1.1287   0.0000   0.2813
   6.600   0.5365   0.04476   0.03698  -0.0223  0.6535  1.0000  -1.1753   0.0000   0.2808
   6.700   0.5603   0.04406   0.03635  -0.0231  0.6497  1.0000  -1.2307   0.0000   0.2806
   6.800   0.5860   0.04320   0.03556  -0.0240  0.6465  1.0000  -1.3037   0.0000   0.2804
   6.900   0.6135   0.04216   0.03461  -0.0249  0.6436  1.0000  -1.3856   0.0000   0.2801
   7.000   0.6426   0.04099   0.03353  -0.0260  0.6413  1.0000  -1.4728   0.0000   0.2799
   7.100   0.6731   0.03966   0.03231  -0.0270  0.6393  1.0000  -1.5649   0.0000   0.2798
   7.300   0.6373   0.04223   0.03483  -0.0221  0.6104  1.0000  -1.5166   0.0000   0.2737
   7.400   0.6602   0.04110   0.03379  -0.0224  0.6058  1.0000  -1.5920   0.0000   0.2729
   7.500   0.6873   0.03959   0.03238  -0.0228  0.6023  1.0000  -1.6792   0.0000   0.2722
   7.600   0.7162   0.03785   0.03074  -0.0233  0.5996  1.0000  -1.7725   0.0000   0.2716
   7.700   0.7466   0.03583   0.02884  -0.0237  0.5973  1.0000  -1.8713   0.0000   0.2708
   7.800   0.7825   0.03343   0.02656  -0.0245  0.5948  1.0000  -1.9851   0.0000   0.2705
   7.900   0.7503   0.03618   0.02926  -0.0213  0.5769  1.0000  -1.9230   0.0000   0.2671
   8.000   0.7607   0.03558   0.02872  -0.0204  0.5673  1.0000  -1.9716   0.0000   0.2655
   8.100   0.7866   0.03372   0.02696  -0.0204  0.5611  1.0000  -2.0630   0.0000   0.2646
   8.200   0.8224   0.03113   0.02448  -0.0210  0.5545  1.0000  -2.2206   0.0000   0.2642
   8.300   0.8731   0.02779   0.02120  -0.0229  0.5431  1.0000  -2.4324   0.0000   0.2650
   8.400   0.8550   0.02919   0.02263  -0.0201  0.5293  1.0000  -2.4016   0.0000   0.2620
   8.500   0.8673   0.02851   0.02196  -0.0193  0.5127  1.0000  -2.4795   0.0000   0.2606
   8.600   0.8994   0.02676   0.02012  -0.0200  0.4895  1.0000  -2.6272   0.0000   0.2606
   8.700   0.9034   0.02680   0.02010  -0.0187  0.4680  1.0000  -2.6757   0.0000   0.2589
   8.800   0.9195   0.02628   0.01957  -0.0183  0.4378  1.0000  -2.7687   0.0000   0.2580
   8.900   0.9246   0.02644   0.01954  -0.0171  0.4115  1.0000  -2.8261   0.0000   0.2564
   9.000   0.9287   0.02678   0.01970  -0.0159  0.3867  1.0000  -2.8866   0.0000   0.2550
   9.100   0.9312   0.02720   0.01991  -0.0146  0.3631  1.0000  -2.9409   0.0000   0.2534
   9.200   0.9335   0.02773   0.02028  -0.0135  0.3414  1.0000  -2.9923   0.0000   0.2520
   9.300   0.9341   0.02829   0.02071  -0.0122  0.3221  1.0000  -3.0368   0.0000   0.2504
   9.400   0.9390   0.02887   0.02104  -0.0113  0.3008  1.0000  -3.0983   0.0000   0.2493
   9.500   0.9397   0.02947   0.02163  -0.0101  0.2851  1.0000  -3.1402   0.0000   0.2478
   9.600   0.9491   0.03016   0.02192  -0.0097  0.2620  1.0000  -3.2192   0.0000   0.2472
   9.700   0.9495   0.03074   0.02259  -0.0086  0.2507  1.0000  -3.2575   0.0000   0.2458
   9.800   0.9508   0.03134   0.02316  -0.0075  0.2384  1.0000  -3.3026   0.0000   0.2446
   9.900   0.9618   0.03215   0.02362  -0.0074  0.2187  1.0000  -3.3862   0.0000   0.2442
  10.000   0.9619   0.03270   0.02426  -0.0063  0.2105  1.0000  -3.4242   0.0000   0.2429
  10.100   0.9628   0.03326   0.02482  -0.0053  0.2010  1.0000  -3.4685   0.0000   0.2417
  10.200   0.9645   0.03387   0.02532  -0.0044  0.1916  1.0000  -3.5187   0.0000   0.2406
  10.300   0.9748   0.03471   0.02598  -0.0043  0.1774  1.0000  -3.5981   0.0000   0.2404
  10.400   0.9764   0.03526   0.02661  -0.0034  0.1707  1.0000  -3.6421   0.0000   0.2393
  10.500   0.9806   0.03585   0.02721  -0.0027  0.1631  1.0000  -3.6967   0.0000   0.2384
  10.600   0.9850   0.03647   0.02779  -0.0021  0.1562  1.0000  -3.7537   0.0000   0.2376
  10.700   1.0077   0.03783   0.02894  -0.0032  0.1427  1.0000  -3.8686   0.0000   0.2387
  10.800   1.0112   0.03843   0.02966  -0.0024  0.1386  1.0000  -3.9143   0.0000   0.2377
  10.900   1.0165   0.03912   0.03043  -0.0018  0.1336  1.0000  -3.9661   0.0000   0.2370
  11.000   1.0227   0.03981   0.03116  -0.0013  0.1284  1.0000  -4.0231   0.0000   0.2364
  11.100   1.0292   0.04051   0.03185  -0.0009  0.1237  1.0000  -4.0840   0.0000   0.2358
  11.200   1.0386   0.04139   0.03266  -0.0008  0.1187  1.0000  -4.1563   0.0000   0.2356
  11.300   1.0653   0.04422   0.03553  -0.0026  0.1104  1.0000  -4.2533   0.0000   0.2374
  11.400   1.0664   0.04475   0.03617  -0.0016  0.1085  1.0000  -4.2918   0.0000   0.2362
  11.500   1.0677   0.04533   0.03684  -0.0007  0.1062  1.0000  -4.3315   0.0000   0.2352
  11.600   1.0690   0.04591   0.03750   0.0002  0.1034  1.0000  -4.3739   0.0000   0.2342
  11.700   1.0696   0.04648   0.03813   0.0011  0.1006  1.0000  -4.4162   0.0000   0.2332
  11.800   1.0703   0.04702   0.03871   0.0019  0.0976  1.0000  -4.4616   0.0000   0.2323
  11.900   1.0713   0.04753   0.03922   0.0027  0.0948  1.0000  -4.5122   0.0000   0.2314
  12.000   1.0732   0.04804   0.03970   0.0033  0.0919  1.0000  -4.5694   0.0000   0.2307
  12.100   1.0773   0.04871   0.04033   0.0037  0.0891  1.0000  -4.6339   0.0000   0.2301
  12.200   1.0853   0.05008   0.04170   0.0037  0.0864  1.0000  -4.6953   0.0000   0.2301
  12.300   1.0937   0.05311   0.04488   0.0034  0.0834  1.0000  -4.7188   0.0000   0.2303
  12.400   1.0926   0.05529   0.04720   0.0041  0.0823  1.0000  -4.7159   0.0000   0.2295
  12.500   1.0907   0.05612   0.04814   0.0051  0.0817  1.0000  -4.7352   0.0000   0.2284
  12.600   1.0886   0.05704   0.04919   0.0061  0.0811  1.0000  -4.7514   0.0000   0.2274
  12.700   1.0861   0.05805   0.05032   0.0070  0.0805  1.0000  -4.7641   0.0000   0.2264
  12.800   1.0833   0.05915   0.05154   0.0079  0.0798  1.0000  -4.7730   0.0000   0.2254
  12.900   1.0796   0.06033   0.05284   0.0087  0.0792  1.0000  -4.7775   0.0000   0.2243
  13.000   1.0755   0.06159   0.05422   0.0096  0.0785  1.0000  -4.7784   0.0000   0.2234
  13.100   1.0709   0.06293   0.05568   0.0103  0.0779  1.0000  -4.7760   0.0000   0.2224
  13.200   1.0658   0.06434   0.05721   0.0111  0.0774  1.0000  -4.7704   0.0000   0.2215
  13.300   1.0600   0.06583   0.05881   0.0117  0.0769  1.0000  -4.7610   0.0000   0.2206
  13.400   1.0533   0.06739   0.06048   0.0124  0.0765  1.0000  -4.7475   0.0000   0.2198
  13.500   1.0462   0.06902   0.06223   0.0129  0.0761  1.0000  -4.7311   0.0000   0.2190
  13.600   1.0386   0.07073   0.06405   0.0133  0.0758  1.0000  -4.7116   0.0000   0.2182
  13.700   1.0302   0.07252   0.06595   0.0137  0.0756  1.0000  -4.6882   0.0000   0.2176
  13.800   1.0211   0.07441   0.06793   0.0140  0.0755  1.0000  -4.6608   0.0000   0.2170
  13.900   1.0115   0.07637   0.07000   0.0141  0.0754  1.0000  -4.6301   0.0000   0.2165
  14.000   1.0012   0.07842   0.07215   0.0141  0.0754  1.0000  -4.5955   0.0000   0.2161
  14.100   0.9901   0.08061   0.07443   0.0140  0.0755  1.0000  -4.5559   0.0000   0.2159
  14.200   0.9786   0.08294   0.07686   0.0137  0.0756  1.0000  -4.5125   0.0000   0.2158
  14.300   0.9664   0.08544   0.07944   0.0132  0.0759  1.0000  -4.4641   0.0000   0.2159
  14.400   0.9534   0.08812   0.08222   0.0125  0.0762  1.0000  -4.4098   0.0000   0.2162
  14.500   0.9402   0.09100   0.08518   0.0115  0.0765  1.0000  -4.3504   0.0000   0.2168
  14.600   0.9259   0.09414   0.08838   0.0103  0.0770  1.0000  -4.2832   0.0000   0.2178
  14.700   0.9113   0.09752   0.09183   0.0088  0.0775  1.0000  -4.2094   0.0000   0.2190
  14.800   0.8960   0.10122   0.09560   0.0070  0.0781  1.0000  -4.1262   0.0000   0.2206
  14.900   0.8804   0.10523   0.09966   0.0049  0.0788  1.0000  -4.0346   0.0000   0.2227
  15.000   0.8644   0.10961   0.10407   0.0024  0.0796  1.0000  -3.9325   0.0000   0.2252
  15.100   0.8488   0.11427   0.10876  -0.0002  0.0803  1.0000  -3.8231   0.0000   0.2280
  15.200   0.8341   0.11913   0.11364  -0.0029  0.0810  1.0000  -3.7090   0.0000   0.2311
  15.300   0.8208   0.12407   0.11858  -0.0055  0.0816  1.0000  -3.5949   0.0000   0.2343
  15.400   0.8095   0.12889   0.12339  -0.0079  0.0821  1.0000  -3.4874   0.0000   0.2373
  15.600   0.7407   0.15416   0.14857  -0.0251  0.0969  1.0000  -2.6194   0.0000   0.2619
  15.700   0.7371   0.15722   0.15161  -0.0267  0.0981  1.0000  -2.5600   0.0000   0.2642
  15.800   0.7345   0.16008   0.15446  -0.0282  0.0994  1.0000  -2.5091   0.0000   0.2661
  15.900   0.7329   0.16279   0.15716  -0.0295  0.1008  1.0000  -2.4658   0.0000   0.2679
  16.000   0.7322   0.16540   0.15977  -0.0306  0.1023  1.0000  -2.4299   0.0000   0.2694
  16.100   0.7327   0.16794   0.16230  -0.0315  0.1040  1.0000  -2.4032   0.0000   0.2705
  16.200   0.7349   0.17045   0.16482  -0.0320  0.1060  1.0000  -2.3907   0.0000   0.2710
  16.300   0.7407   0.18195   0.17643  -0.0351  0.1485  1.0000  -2.1860   0.0000   0.2754
  16.400   0.7461   0.18456   0.17906  -0.0353  0.1478  1.0000  -2.2002   0.0000   0.2752
  16.500   0.7533   0.18792   0.18244  -0.0351  0.1469  1.0000  -2.2237   0.0000   0.2744
  16.700   0.7554   0.20007   0.19456  -0.0364  0.1445  1.0000  -2.1911   0.0000   0.2759
  16.800   0.7559   0.20195   0.19644  -0.0374  0.1445  1.0000  -2.1767   0.0000   0.2771
  16.900   0.7563   0.20371   0.19820  -0.0384  0.1444  1.0000  -2.1623   0.0000   0.2783
  17.000   0.7567   0.20534   0.19982  -0.0395  0.1442  1.0000  -2.1478   0.0000   0.2795
  17.100   0.7569   0.20681   0.20129  -0.0406  0.1441  1.0000  -2.1330   0.0000   0.2808
  17.200   0.7570   0.20809   0.20256  -0.0417  0.1438  1.0000  -2.1176   0.0000   0.2821
  17.300   0.7559   0.20898   0.20344  -0.0429  0.1435  1.0000  -2.0973   0.0000   0.2837
  17.400   0.7525   0.20918   0.20363  -0.0445  0.1431  1.0000  -2.0667   0.0000   0.2857
  17.500   0.7465   0.20829   0.20270  -0.0465  0.1420  1.0000  -2.0226   0.0000   0.2886
  17.600   0.7357   0.20621   0.20058  -0.0490  0.1396  1.0000  -1.9576   0.0000   0.2925
  17.700   0.7314   0.20626   0.20061  -0.0507  0.1368  1.0000  -1.9223   0.0000   0.2950
  17.800   0.7310   0.20736   0.20170  -0.0519  0.1344  1.0000  -1.9065   0.0000   0.2965
  17.900   0.7319   0.20875   0.20309  -0.0529  0.1323  1.0000  -1.8984   0.0000   0.2976
  18.000   0.7335   0.21025   0.20459  -0.0537  0.1304  1.0000  -1.8946   0.0000   0.2984
  18.100   0.7355   0.21180   0.20615  -0.0545  0.1286  1.0000  -1.8939   0.0000   0.2990
  18.200   0.7380   0.21338   0.20773  -0.0551  0.1268  1.0000  -1.8960   0.0000   0.2995
  18.300   0.7408   0.21498   0.20934  -0.0557  0.1252  1.0000  -1.9006   0.0000   0.2999
  18.400   0.7440   0.21661   0.21098  -0.0563  0.1236  1.0000  -1.9079   0.0000   0.3001
  18.500   0.7476   0.21827   0.21265  -0.0567  0.1221  1.0000  -1.9180   0.0000   0.3002
  18.600   0.7517   0.21999   0.21439  -0.0570  0.1207  1.0000  -1.9312   0.0000   0.3001
  18.700   0.7564   0.22182   0.21622  -0.0573  0.1193  1.0000  -1.9482   0.0000   0.2998
  18.800   0.7619   0.22382   0.21824  -0.0574  0.1180  1.0000  -1.9698   0.0000   0.2993
  18.900   0.7685   0.22613   0.22057  -0.0573  0.1168  1.0000  -1.9975   0.0000   0.2985
  19.000   0.7772   0.22908   0.22355  -0.0569  0.1156  1.0000  -2.0345   0.0000   0.2971
  19.100   0.7894   0.23348   0.22799  -0.0561  0.1143  1.0000  -2.0873   0.0000   0.2950
  19.200   0.8005   0.24812   0.24264  -0.0549  0.1117  1.0000  -2.1149   0.0000   0.2927
  19.300   0.8014   0.24975   0.24426  -0.0559  0.1116  1.0000  -2.0993   0.0000   0.2938
  19.400   0.8021   0.25122   0.24573  -0.0569  0.1115  1.0000  -2.0831   0.0000   0.2948
  19.500   0.8027   0.25251   0.24701  -0.0580  0.1114  1.0000  -2.0695   0.0000   0.2959
  19.600   0.8030   0.25354   0.24804  -0.0591  0.1112  1.0000  -2.0563   0.0000   0.2971
  19.700   0.8017   0.25407   0.24856  -0.0604  0.1110  1.0000  -2.0344   0.0000   0.2986
  19.800   0.7996   0.25416   0.24864  -0.0618  0.1106  1.0000  -2.0083   0.0000   0.3004
  19.900   0.7963   0.25367   0.24813  -0.0634  0.1101  1.0000  -1.9761   0.0000   0.3024
  20.000   0.7910   0.25252   0.24696  -0.0652  0.1094  1.0000  -1.9350   0.0000   0.3049