QBlade v0.963 64bit

 Calculated polar for: S822

 1 1 Reynolds number fixed          Mach number fixed         

 xtrf =   1.000 (top)        1.000 (bottom)
 Mach =   0.000     Re =     0.050 e 6     Ncrit =   9.000

  alpha     CL        CD       CDp       Cm    Top Xtr Bot Xtr   Cpmin    Chinge    XCp    
 ------- -------- --------- --------- -------- ------- ------- -------- --------- ---------
 -10.000  -0.8237   0.06890   0.06232  -0.0458  1.0000  0.1323  -3.9351   0.0000   0.1815
  -9.900  -0.8346   0.06770   0.06106  -0.0440  1.0000  0.1323  -3.9612   0.0000   0.1845
  -9.800  -0.8448   0.06651   0.05980  -0.0423  1.0000  0.1324  -3.9851   0.0000   0.1874
  -9.700  -0.8543   0.06533   0.05854  -0.0406  1.0000  0.1326  -4.0066   0.0000   0.1902
  -9.600  -0.8630   0.06417   0.05730  -0.0389  1.0000  0.1328  -4.0255   0.0000   0.1928
  -9.500  -0.8709   0.06305   0.05608  -0.0372  1.0000  0.1331  -4.0412   0.0000   0.1953
  -9.300  -0.8866   0.05986   0.05272  -0.0342  1.0000  0.1341  -4.0837   0.0000   0.1998
  -9.200  -0.8937   0.05782   0.05057  -0.0328  1.0000  0.1350  -4.1064   0.0000   0.2018
  -9.100  -0.8984   0.05584   0.04851  -0.0316  1.0000  0.1363  -4.1178   0.0000   0.2034
  -9.000  -0.8994   0.05422   0.04686  -0.0306  1.0000  0.1384  -4.1065   0.0000   0.2047
  -8.900  -0.8973   0.05317   0.04583  -0.0297  1.0000  0.1411  -4.0729   0.0000   0.2058
  -8.800  -0.8950   0.05239   0.04506  -0.0287  1.0000  0.1439  -4.0358   0.0000   0.2069
  -8.700  -0.8935   0.05162   0.04426  -0.0276  1.0000  0.1467  -4.0045   0.0000   0.2082
  -8.600  -0.8926   0.05083   0.04343  -0.0265  1.0000  0.1497  -3.9769   0.0000   0.2095
  -8.500  -0.8915   0.05032   0.04265  -0.0254  1.0000  0.1542  -3.9427   0.0000   0.2109
  -8.400  -0.8906   0.04986   0.04211  -0.0242  1.0000  0.1590  -3.9078   0.0000   0.2123
  -8.300  -0.8907   0.04936   0.04147  -0.0230  1.0000  0.1636  -3.8803   0.0000   0.2138
  -8.200  -0.8907   0.04901   0.04095  -0.0217  1.0000  0.1674  -3.8538   0.0000   0.2153
  -8.100  -0.8920   0.04764   0.03945  -0.0207  1.0000  0.1709  -3.8435   0.0000   0.2167
  -8.000  -0.8885   0.04605   0.03797  -0.0201  1.0000  0.1770  -3.8002   0.0000   0.2174
  -7.900  -0.8827   0.04566   0.03770  -0.0193  1.0000  0.1828  -3.7365   0.0000   0.2182
  -7.800  -0.8786   0.04503   0.03705  -0.0184  1.0000  0.1878  -3.6927   0.0000   0.2193
  -7.700  -0.8753   0.04420   0.03613  -0.0174  1.0000  0.1925  -3.6597   0.0000   0.2204
  -7.600  -0.8721   0.04333   0.03512  -0.0165  1.0000  0.1975  -3.6290   0.0000   0.2214
  -7.500  -0.8688   0.04248   0.03410  -0.0156  1.0000  0.2025  -3.5993   0.0000   0.2225
  -7.400  -0.8655   0.04179   0.03319  -0.0147  1.0000  0.2069  -3.5682   0.0000   0.2235
  -7.300  -0.8616   0.04009   0.03144  -0.0141  1.0000  0.2132  -3.5393   0.0000   0.2242
  -7.200  -0.8552   0.03936   0.03085  -0.0135  1.0000  0.2205  -3.4786   0.0000   0.2250
  -7.100  -0.8492   0.03895   0.03050  -0.0127  1.0000  0.2281  -3.4193   0.0000   0.2260
  -7.000  -0.8443   0.03858   0.03009  -0.0118  1.0000  0.2369  -3.3659   0.0000   0.2270
  -6.900  -0.8404   0.03824   0.02960  -0.0110  1.0000  0.2461  -3.3188   0.0000   0.2280
  -6.800  -0.8358   0.03734   0.02866  -0.0103  1.0000  0.2557  -3.2720   0.0000   0.2288
  -6.700  -0.8295   0.03703   0.02857  -0.0095  1.0000  0.2663  -3.2003   0.0000   0.2299
  -6.600  -0.8238   0.03684   0.02845  -0.0086  1.0000  0.2770  -3.1374   0.0000   0.2310
  -6.500  -0.8186   0.03641   0.02790  -0.0079  1.0000  0.2875  -3.0868   0.0000   0.2319
  -6.400  -0.8135   0.03597   0.02722  -0.0073  1.0000  0.2958  -3.0412   0.0000   0.2327
  -6.300  -0.8064   0.03494   0.02643  -0.0066  1.0000  0.3074  -2.9791   0.0000   0.2335
  -6.200  -0.7998   0.03469   0.02628  -0.0057  1.0000  0.3181  -2.9143   0.0000   0.2346
  -6.100  -0.7937   0.03437   0.02592  -0.0050  1.0000  0.3302  -2.8563   0.0000   0.2356
  -6.000  -0.7885   0.03406   0.02540  -0.0044  1.0000  0.3420  -2.8049   0.0000   0.2364
  -5.900  -0.7819   0.03349   0.02509  -0.0035  1.0000  0.3555  -2.7381   0.0000   0.2376
  -5.800  -0.7757   0.03346   0.02517  -0.0025  1.0000  0.3688  -2.6708   0.0000   0.2390
  -5.700  -0.7698   0.03323   0.02488  -0.0018  1.0000  0.3832  -2.6126   0.0000   0.2400
  -5.600  -0.7636   0.03271   0.02431  -0.0012  1.0000  0.3966  -2.5570   0.0000   0.2408
  -5.500  -0.7569   0.03254   0.02433  -0.0001  1.0000  0.4091  -2.4904   0.0000   0.2424
  -5.400  -0.7503   0.03244   0.02427   0.0009  1.0000  0.4227  -2.4284   0.0000   0.2438
  -5.300  -0.7439   0.03212   0.02383   0.0014  1.0000  0.4373  -2.3735   0.0000   0.2445
  -5.200  -0.7374   0.03178   0.02359   0.0023  1.0000  0.4510  -2.3131   0.0000   0.2458
  -5.100  -0.7311   0.03188   0.02383   0.0036  1.0000  0.4643  -2.2479   0.0000   0.2478
  -5.000  -0.7249   0.03187   0.02383   0.0046  1.0000  0.4800  -2.1879   0.0000   0.2493
  -4.900  -0.7186   0.03158   0.02345   0.0051  1.0000  0.4959  -2.1354   0.0000   0.2502
  -4.800  -0.7125   0.03175   0.02380   0.0068  1.0000  0.5082  -2.0761   0.0000   0.2527
  -4.700  -0.7062   0.03196   0.02408   0.0082  1.0000  0.5217  -2.0196   0.0000   0.2549
  -4.600  -0.6999   0.03185   0.02390   0.0090  1.0000  0.5379  -1.9770   0.0000   0.2561
  -4.500  -0.6937   0.03176   0.02384   0.0100  1.0000  0.5509  -1.9365   0.0000   0.2578
  -4.400  -0.6877   0.03213   0.02430   0.0118  1.0000  0.5619  -1.8922   0.0000   0.2607
  -4.300  -0.6817   0.03239   0.02459   0.0133  1.0000  0.5753  -1.8501   0.0000   0.2632
  -4.200  -0.6757   0.03226   0.02435   0.0139  1.0000  0.5922  -1.8133   0.0000   0.2642
  -4.100  -0.6702   0.03247   0.02462   0.0156  1.0000  0.6032  -1.7720   0.0000   0.2671
  -4.000  -0.6646   0.03295   0.02516   0.0177  1.0000  0.6134  -1.7289   0.0000   0.2705
  -3.900  -0.6589   0.03326   0.02518   0.0194  1.0000  0.6262  -1.6879   0.0000   0.2733
  -3.800  -0.6533   0.03308   0.02489   0.0198  1.0000  0.6431  -1.6534   0.0000   0.2743
  -3.700  -0.6480   0.03330   0.02515   0.0216  1.0000  0.6527  -1.6136   0.0000   0.2775
  -3.600  -0.6423   0.03377   0.02566   0.0238  1.0000  0.6616  -1.5718   0.0000   0.2812
  -3.500  -0.6369   0.03412   0.02600   0.0255  1.0000  0.6727  -1.5364   0.0000   0.2844
  -3.400  -0.6320   0.03411   0.02592   0.0265  1.0000  0.6878  -1.5113   0.0000   0.2863
  -3.300  -0.6271   0.03413   0.02591   0.0278  1.0000  0.6996  -1.4849   0.0000   0.2888
  -3.200  -0.6212   0.03463   0.02643   0.0300  1.0000  0.7077  -1.4535   0.0000   0.2929
  -3.100  -0.6155   0.03505   0.02684   0.0319  1.0000  0.7178  -1.4235   0.0000   0.2965
  -3.000  -0.6107   0.03518   0.02692   0.0333  1.0000  0.7310  -1.3976   0.0000   0.2992
  -2.900  -0.6070   0.03501   0.02668   0.0342  1.0000  0.7450  -1.3757   0.0000   0.3011
  -2.800  -0.5999   0.03545   0.02713   0.0362  1.0000  0.7525  -1.3431   0.0000   0.3051
  -2.700  -0.5925   0.03586   0.02751   0.0377  1.0000  0.7621  -1.3110   0.0000   0.3086
  -2.600  -0.5870   0.03603   0.02763   0.0390  1.0000  0.7746  -1.2840   0.0000   0.3115
  -2.500  -0.5855   0.03579   0.02733   0.0401  1.0000  0.7892  -1.2668   0.0000   0.3137
  -2.400  -0.5753   0.03621   0.02773   0.0415  1.0000  0.7971  -1.2297   0.0000   0.3173
  -2.300  -0.5644   0.03663   0.02810   0.0424  1.0000  0.8072  -1.1927   0.0000   0.3203
  -2.200  -0.5583   0.03673   0.02816   0.0434  1.0000  0.8201  -1.1657   0.0000   0.3230
  -2.100  -0.5573   0.03652   0.02790   0.0448  1.0000  0.8332  -1.1511   0.0000   0.3258
  -2.000  -0.5390   0.03702   0.02834   0.0444  1.0000  0.8418  -1.1124   0.0000   0.3278
  -1.900  -0.5226   0.03741   0.02866   0.0438  1.0000  0.8527  -1.0777   0.0000   0.3293
  -1.800  -0.5175   0.03739   0.02859   0.0447  1.0000  0.8659  -1.0593   0.0000   0.3319
  -1.700  -0.5026   0.03758   0.02872   0.0440  1.0000  0.8765  -1.0276   0.0000   0.3332
  -1.600  -0.4713   0.03827   0.02930   0.0406  1.0000  0.8858  -0.9745   0.0000   0.3318
  -1.500  -0.4496   0.03865   0.02961   0.0385  1.0000  0.8971  -0.9421   0.0000   0.3313
  -1.400  -0.4430   0.03861   0.02951   0.0389  1.0000  0.9094  -0.9268   0.0000   0.3334
  -1.300  -0.3969   0.03944   0.03022   0.0322  1.0000  0.9165  -0.8689   0.0000   0.3267
  -1.200  -0.3583   0.04008   0.03075   0.0267  1.0000  0.9255  -0.8201   0.0000   0.3200
  -1.100  -0.3419   0.04028   0.03088   0.0251  1.0000  0.9370  -0.7951   0.0000   0.3188
  -1.000  -0.3057   0.04074   0.03125   0.0198  1.0000  0.9449  -0.7552   0.0000   0.3099
  -0.900  -0.2716   0.04116   0.03159   0.0147  1.0000  0.9534  -0.7192   0.0000   0.2992
  -0.800  -0.2505   0.04142   0.03168   0.0119  1.0000  0.9637  -0.6953   0.0000   0.2927
  -0.700  -0.2167   0.04175   0.03194   0.0067  1.0000  0.9712  -0.6605   0.0000   0.2757
  -0.600  -0.1866   0.04209   0.03220   0.0021  1.0000  0.9803  -0.6301   0.0000   0.2557
  -0.500  -0.1557   0.04242   0.03247  -0.0028  1.0000  0.9887  -0.6030   0.0000   0.2261
  -0.400  -0.1218   0.04284   0.03281  -0.0083  1.0000  0.9978  -0.5743   0.0000   0.1749
  -0.300  -0.1138   0.04279   0.03272  -0.0091  1.0000  1.0000  -0.5646   0.0000   0.1634
  -0.200  -0.1144   0.04256   0.03247  -0.0082  1.0000  1.0000  -0.5611   0.0000   0.1722
  -0.100  -0.1150   0.04234   0.03223  -0.0073  1.0000  1.0000  -0.5574   0.0000   0.1811
   0.000  -0.1156   0.04213   0.03199  -0.0064  1.0000  1.0000  -0.5536   0.0000   0.1899
   0.100  -0.1161   0.04192   0.03177  -0.0054  1.0000  1.0000  -0.5497   0.0000   0.1988
   0.200  -0.1166   0.04172   0.03154  -0.0045  1.0000  1.0000  -0.5457   0.0000   0.2077
   0.300  -0.1171   0.04153   0.03131  -0.0035  1.0000  1.0000  -0.5417   0.0000   0.2166
   0.400  -0.1176   0.04134   0.03110  -0.0026  1.0000  1.0000  -0.5386   0.0000   0.2255
   0.500  -0.1181   0.04115   0.03089  -0.0016  1.0000  1.0000  -0.5355   0.0000   0.2345
   0.600  -0.1186   0.04096   0.03068  -0.0006  1.0000  1.0000  -0.5324   0.0000   0.2435
   0.700  -0.1191   0.04078   0.03048   0.0004  1.0000  1.0000  -0.5293   0.0000   0.2525
   0.800  -0.1196   0.04060   0.03028   0.0015  1.0000  1.0000  -0.5260   0.0000   0.2615
   0.900  -0.1200   0.04042   0.03009   0.0025  1.0000  1.0000  -0.5228   0.0000   0.2706
   1.000  -0.1205   0.04024   0.02989   0.0035  1.0000  1.0000  -0.5194   0.0000   0.2796
   1.100  -0.1209   0.04007   0.02970   0.0046  1.0000  1.0000  -0.5160   0.0000   0.2886
   1.200  -0.1213   0.03989   0.02951   0.0056  1.0000  1.0000  -0.5126   0.0000   0.2976
   1.300  -0.1217   0.03972   0.02932   0.0067  1.0000  1.0000  -0.5091   0.0000   0.3066
   1.400  -0.1220   0.03955   0.02913   0.0077  1.0000  1.0000  -0.5055   0.0000   0.3156
   1.500  -0.1223   0.03937   0.02895   0.0088  1.0000  1.0000  -0.5019   0.0000   0.3246
   1.600  -0.1226   0.03921   0.02877   0.0099  1.0000  1.0000  -0.4983   0.0000   0.3335
   1.700  -0.1227   0.03904   0.02859   0.0109  1.0000  1.0000  -0.4954   0.0000   0.3423
   1.800  -0.1228   0.03888   0.02842   0.0119  1.0000  1.0000  -0.4924   0.0000   0.3511
   1.900  -0.1227   0.03873   0.02825   0.0129  1.0000  1.0000  -0.4893   0.0000   0.3599
   2.000  -0.1224   0.03858   0.02809   0.0139  1.0000  1.0000  -0.4860   0.0000   0.3686
   2.100  -0.1218   0.03845   0.02795   0.0149  1.0000  1.0000  -0.4826   0.0000   0.3773
   2.200  -0.1211   0.03834   0.02782   0.0158  1.0000  1.0000  -0.4790   0.0000   0.3861
   2.300  -0.1201   0.03824   0.02770   0.0166  1.0000  1.0000  -0.4752   0.0000   0.3949
   2.400  -0.1185   0.03817   0.02762   0.0174  1.0000  1.0000  -0.4711   0.0000   0.4038
   2.500  -0.1164   0.03814   0.02758   0.0181  1.0000  1.0000  -0.4666   0.0000   0.4128
   2.600  -0.1137   0.03816   0.02758   0.0186  1.0000  1.0000  -0.4618   0.0000   0.4222
   2.700  -0.1103   0.03823   0.02763   0.0191  1.0000  1.0000  -0.4568   0.0000   0.4320
   2.800  -0.1064   0.03833   0.02772   0.0194  1.0000  1.0000  -0.4522   0.0000   0.4425
   2.900  -0.1021   0.03848   0.02786   0.0197  1.0000  1.0000  -0.4473   0.0000   0.4538
   3.000  -0.0973   0.03866   0.02802   0.0199  1.0000  1.0000  -0.4422   0.0000   0.4663
   3.100  -0.0922   0.03888   0.02823   0.0200  1.0000  1.0000  -0.4369   0.0000   0.4802
   3.200  -0.0868   0.03912   0.02846   0.0200  1.0000  1.0000  -0.4314   0.0000   0.4960
   3.300  -0.0811   0.03939   0.02871   0.0200  1.0000  1.0000  -0.4258   0.0000   0.5140
   3.400  -0.0753   0.03968   0.02900   0.0200  1.0000  1.0000  -0.4201   0.0000   0.5348
   3.500  -0.0694   0.03999   0.02930   0.0199  1.0000  1.0000  -0.4147   0.0000   0.5593
   3.600  -0.0633   0.04033   0.02963   0.0199  1.0000  1.0000  -0.4097   0.0000   0.5886
   3.700  -0.0571   0.04068   0.02998   0.0197  1.0000  1.0000  -0.4047   0.0000   0.6243
   3.800  -0.0509   0.04105   0.03034   0.0196  1.0000  1.0000  -0.3996   0.0000   0.6688
   3.900  -0.0446   0.04144   0.03073   0.0194  1.0000  1.0000  -0.4048   0.0000   0.7257
   4.000  -0.0383   0.04184   0.03113   0.0193  1.0000  1.0000  -0.4102   0.0000   0.8012
   4.100  -0.0320   0.04226   0.03155   0.0191  1.0000  1.0000  -0.4156   0.0000   0.9063
   4.200  -0.0257   0.04270   0.03198   0.0189  1.0000  1.0000  -0.4209   0.0000   1.0625
   4.300  -0.0194   0.04315   0.03244   0.0187  1.0000  1.0000  -0.4261   0.0000   1.3196
   4.400  -0.0100   0.04377   0.03307   0.0179  0.9987  1.0000  -0.4332   0.0000   2.2456
   4.500   0.0057   0.04483   0.03413   0.0159  0.9952  1.0000  -0.4445   0.0000  -2.9545
   4.600   0.0216   0.04583   0.03515   0.0138  0.9894  1.0000  -0.4576   0.0000  -0.4997
   4.700   0.0425   0.04750   0.03680   0.0110  0.9850  1.0000  -0.4752   0.0000  -0.0661
   4.800   0.0516   0.04780   0.03715   0.0100  0.9770  1.0000  -0.4831   0.0000   0.0059
   4.900   0.0761   0.04965   0.03900   0.0066  0.9696  1.0000  -0.5032   0.0000   0.1281
   5.000   0.0833   0.04997   0.03935   0.0061  0.9622  1.0000  -0.5099   0.0000   0.1434
   5.100   0.1075   0.05148   0.04089   0.0028  0.9501  1.0000  -0.5298   0.0000   0.1971
   5.200   0.1261   0.05323   0.04265   0.0004  0.9448  1.0000  -0.5478   0.0000   0.2228
   5.300   0.1340   0.05295   0.04248   0.0000  0.9286  1.0000  -0.5573   0.0000   0.2264
   5.400   0.1748   0.05668   0.04621  -0.0059  0.9187  1.0000  -0.5953   0.0000   0.2643
   5.500   0.1701   0.05614   0.04570  -0.0044  0.9167  1.0000  -0.5939   0.0000   0.2557
   5.600   0.2493   0.05556   0.04520  -0.0114  0.8241  1.0000  -0.6783   0.0000   0.2811
   5.700   0.2839   0.05664   0.04632  -0.0145  0.8072  1.0000  -0.7213   0.0000   0.2874
   5.800   0.2801   0.05633   0.04603  -0.0130  0.7977  1.0000  -0.7226   0.0000   0.2823
   5.900   0.2941   0.05661   0.04634  -0.0137  0.7874  1.0000  -0.7431   0.0000   0.2827
   6.000   0.3329   0.05746   0.04726  -0.0172  0.7769  1.0000  -0.7940   0.0000   0.2889
   6.100   0.3473   0.05799   0.04782  -0.0178  0.7666  1.0000  -0.8205   0.0000   0.2885
   6.200   0.3388   0.05777   0.04762  -0.0158  0.7572  1.0000  -0.8167   0.0000   0.2835
   6.300   0.3473   0.05802   0.04790  -0.0159  0.7485  1.0000  -0.8350   0.0000   0.2826
   6.400   0.3675   0.05839   0.04833  -0.0172  0.7406  1.0000  -0.8691   0.0000   0.2839
   6.500   0.4054   0.05892   0.04895  -0.0202  0.7332  1.0000  -0.9280   0.0000   0.2877
   6.600   0.4170   0.05938   0.04944  -0.0204  0.7245  1.0000  -0.9515   0.0000   0.2868
   6.700   0.4024   0.05940   0.04946  -0.0180  0.7142  1.0000  -0.9384   0.0000   0.2821
   6.800   0.4113   0.05953   0.04964  -0.0179  0.7044  1.0000  -0.9581   0.0000   0.2810
   6.900   0.4358   0.05953   0.04972  -0.0193  0.6958  1.0000  -1.0003   0.0000   0.2818
   7.000   0.4743   0.05942   0.04989  -0.0217  0.6891  1.0000  -1.0764   0.0000   0.2839
   7.100   0.4935   0.05973   0.05027  -0.0225  0.6818  1.0000  -1.1207   0.0000   0.2837
   7.200   0.4683   0.06039   0.05090  -0.0195  0.6704  1.0000  -1.0859   0.0000   0.2794
   7.300   0.4742   0.06061   0.05116  -0.0192  0.6608  1.0000  -1.1064   0.0000   0.2780
   7.400   0.4962   0.06036   0.05100  -0.0200  0.6521  1.0000  -1.1567   0.0000   0.2779
   7.500   0.5338   0.05951   0.05027  -0.0216  0.6449  1.0000  -1.2502   0.0000   0.2785
   7.600   0.5832   0.05825   0.04918  -0.0239  0.6395  1.0000  -1.3837   0.0000   0.2794
   7.700   0.5375   0.06039   0.05122  -0.0201  0.6254  1.0000  -1.2887   0.0000   0.2752
   7.800   0.5415   0.06060   0.05148  -0.0195  0.6146  1.0000  -1.3133   0.0000   0.2737
   7.900   0.5636   0.05997   0.05094  -0.0199  0.6058  1.0000  -1.3825   0.0000   0.2729
   8.000   0.6014   0.05839   0.04951  -0.0209  0.5989  1.0000  -1.4931   0.0000   0.2725
   8.100   0.6511   0.05581   0.04713  -0.0220  0.5932  1.0000  -1.6381   0.0000   0.2719
   8.200   0.6084   0.05912   0.05033  -0.0194  0.5787  1.0000  -1.5416   0.0000   0.2695
   8.300   0.6116   0.05932   0.05057  -0.0186  0.5669  1.0000  -1.5655   0.0000   0.2679
   8.400   0.6417   0.05758   0.04896  -0.0186  0.5576  1.0000  -1.6618   0.0000   0.2666
   8.500   0.6860   0.05446   0.04605  -0.0188  0.5506  1.0000  -1.7998   0.0000   0.2652
   8.600   0.7491   0.04897   0.04083  -0.0189  0.5455  1.0000  -1.9957   0.0000   0.2632
   8.700   0.6889   0.05538   0.04705  -0.0170  0.5279  1.0000  -1.8399   0.0000   0.2621
   8.800   0.7077   0.05396   0.04574  -0.0162  0.5160  1.0000  -1.9107   0.0000   0.2602
   8.900   0.7628   0.04835   0.04037  -0.0152  0.5074  1.0000  -2.1233   0.0000   0.2574
   9.000   0.8516   0.03953   0.03182  -0.0153  0.4912  1.0000  -2.4951   0.0000   0.2557
   9.100   0.8341   0.04152   0.03382  -0.0134  0.4780  1.0000  -2.4570   0.0000   0.2535
   9.200   0.9064   0.03535   0.02779  -0.0138  0.4367  1.0000  -2.7650   0.0000   0.2529
   9.300   0.9376   0.03416   0.02620  -0.0139  0.3963  1.0000  -2.9268   0.0000   0.2524
   9.400   0.9323   0.03494   0.02702  -0.0120  0.3815  1.0000  -2.9396   0.0000   0.2503
   9.500   0.9508   0.03497   0.02663  -0.0118  0.3484  1.0000  -3.0586   0.0000   0.2497
   9.600   0.9462   0.03570   0.02741  -0.0100  0.3355  1.0000  -3.0747   0.0000   0.2477
   9.700   0.9636   0.03614   0.02739  -0.0100  0.3054  1.0000  -3.1887   0.0000   0.2475
   9.800   0.9588   0.03687   0.02823  -0.0083  0.2962  1.0000  -3.2019   0.0000   0.2455
   9.900   0.9607   0.03753   0.02888  -0.0071  0.2827  1.0000  -3.2430   0.0000   0.2442
  10.000   0.9843   0.03858   0.02962  -0.0082  0.2582  1.0000  -3.3654   0.0000   0.2450
  10.100   0.9843   0.03935   0.03051  -0.0069  0.2497  1.0000  -3.3928   0.0000   0.2436
  10.200   0.9890   0.04006   0.03121  -0.0061  0.2386  1.0000  -3.4421   0.0000   0.2425
  10.300   1.0131   0.04141   0.03222  -0.0075  0.2178  1.0000  -3.5694   0.0000   0.2438
  10.400   1.0093   0.04201   0.03295  -0.0058  0.2127  1.0000  -3.5864   0.0000   0.2420
  10.500   1.0075   0.04263   0.03365  -0.0044  0.2059  1.0000  -3.6130   0.0000   0.2404
  10.600   1.0081   0.04317   0.03416  -0.0033  0.1980  1.0000  -3.6545   0.0000   0.2391
  10.700   1.0160   0.04374   0.03453  -0.0030  0.1876  1.0000  -3.7330   0.0000   0.2386
  10.800   1.0335   0.04562   0.03641  -0.0038  0.1769  1.0000  -3.8135   0.0000   0.2394
  10.900   1.0346   0.04650   0.03744  -0.0028  0.1728  1.0000  -3.8403   0.0000   0.2382
  11.000   1.0367   0.04746   0.03852  -0.0019  0.1682  1.0000  -3.8706   0.0000   0.2372
  11.100   1.0406   0.04844   0.03958  -0.0011  0.1634  1.0000  -3.9088   0.0000   0.2364
  11.200   1.0462   0.04940   0.04057  -0.0006  0.1585  1.0000  -3.9561   0.0000   0.2357
  11.300   1.0569   0.05047   0.04159  -0.0006  0.1529  1.0000  -4.0258   0.0000   0.2356
  11.400   1.0800   0.05447   0.04559  -0.0028  0.1450  1.0000  -4.1028   0.0000   0.2376
  11.500   1.0778   0.05577   0.04700  -0.0015  0.1438  1.0000  -4.1095   0.0000   0.2364
  11.600   1.0747   0.05680   0.04816  -0.0002  0.1428  1.0000  -4.1163   0.0000   0.2349
  11.700   1.0710   0.05793   0.04943   0.0011  0.1419  1.0000  -4.1200   0.0000   0.2336
  11.800   1.0669   0.05915   0.05079   0.0024  0.1410  1.0000  -4.1207   0.0000   0.2322
  11.900   1.0622   0.06045   0.05222   0.0036  0.1402  1.0000  -4.1185   0.0000   0.2309
  12.000   1.0567   0.06182   0.05372   0.0048  0.1395  1.0000  -4.1128   0.0000   0.2296
  12.100   1.0506   0.06325   0.05527   0.0059  0.1389  1.0000  -4.1038   0.0000   0.2284
  12.200   1.0437   0.06474   0.05688   0.0070  0.1384  1.0000  -4.0914   0.0000   0.2271
  12.300   1.0357   0.06629   0.05855   0.0080  0.1381  1.0000  -4.0752   0.0000   0.2259
  12.400   1.0271   0.06790   0.06027   0.0090  0.1378  1.0000  -4.0559   0.0000   0.2247
  12.500   1.0178   0.06959   0.06206   0.0098  0.1376  1.0000  -4.0332   0.0000   0.2236
  12.600   1.0075   0.07135   0.06392   0.0106  0.1375  1.0000  -4.0063   0.0000   0.2226
  12.700   0.9967   0.07323   0.06589   0.0112  0.1375  1.0000  -3.9756   0.0000   0.2216
  12.800   0.9850   0.07524   0.06799   0.0117  0.1377  1.0000  -3.9404   0.0000   0.2208
  12.900   0.9725   0.07740   0.07023   0.0121  0.1380  1.0000  -3.9005   0.0000   0.2201
  13.000   0.9595   0.07971   0.07263   0.0122  0.1383  1.0000  -3.8562   0.0000   0.2196
  13.100   0.9456   0.08221   0.07519   0.0121  0.1388  1.0000  -3.8065   0.0000   0.2192
  13.200   0.9313   0.08488   0.07793   0.0118  0.1394  1.0000  -3.7523   0.0000   0.2191
  13.300   0.9164   0.08774   0.08085   0.0113  0.1399  1.0000  -3.6931   0.0000   0.2193
  13.400   0.9012   0.09079   0.08394   0.0106  0.1406  1.0000  -3.6291   0.0000   0.2197
  13.500   0.8858   0.09406   0.08725   0.0096  0.1412  1.0000  -3.5605   0.0000   0.2204
  13.600   0.8706   0.09758   0.09080   0.0084  0.1419  1.0000  -3.4882   0.0000   0.2214
  13.700   0.8561   0.10132   0.09455   0.0069  0.1425  1.0000  -3.4138   0.0000   0.2227
  13.800   0.8426   0.10524   0.09848   0.0054  0.1432  1.0000  -3.3393   0.0000   0.2243
  13.900   0.8308   0.10926   0.10251   0.0037  0.1438  1.0000  -3.2681   0.0000   0.2260
  14.000   0.8211   0.11335   0.10660   0.0022  0.1444  1.0000  -3.2027   0.0000   0.2277
  14.200   0.7164   0.13777   0.13081  -0.0171  0.1658  1.0000  -2.3677   0.0000   0.2541
  14.300   0.7126   0.14081   0.13383  -0.0185  0.1675  1.0000  -2.3275   0.0000   0.2561
  14.400   0.7104   0.14369   0.13670  -0.0197  0.1693  1.0000  -2.2965   0.0000   0.2578
  14.500   0.7097   0.14644   0.13944  -0.0207  0.1713  1.0000  -2.2752   0.0000   0.2592
  14.600   0.7109   0.14911   0.14213  -0.0215  0.1734  1.0000  -2.2657   0.0000   0.2601
  14.700   0.7151   0.15183   0.14486  -0.0219  0.1757  1.0000  -2.2734   0.0000   0.2605
  14.800   0.7266   0.15512   0.14821  -0.0214  0.1786  1.0000  -2.3197   0.0000   0.2593
  14.900   0.6655   0.16855   0.16152  -0.0363  0.2722  1.0000  -1.7637   0.0000   0.2844
  15.000   0.6707   0.17070   0.16369  -0.0367  0.2711  1.0000  -1.7805   0.0000   0.2845
  15.100   0.6773   0.17313   0.16615  -0.0370  0.2698  1.0000  -1.8029   0.0000   0.2844
  15.200   0.6854   0.17596   0.16901  -0.0373  0.2686  1.0000  -1.8307   0.0000   0.2842
  15.300   0.6955   0.17940   0.17249  -0.0376  0.2673  1.0000  -1.8648   0.0000   0.2838
  15.400   0.7081   0.18375   0.17689  -0.0377  0.2659  1.0000  -1.9070   0.0000   0.2831
  15.500   0.7351   0.19750   0.19071  -0.0374  0.2624  1.0000  -1.9895   0.0000   0.2811
  15.600   0.7296   0.19779   0.19098  -0.0384  0.2621  1.0000  -1.9645   0.0000   0.2826
  15.700   0.7232   0.19754   0.19070  -0.0394  0.2617  1.0000  -1.9364   0.0000   0.2842
  15.800   0.7154   0.19658   0.18971  -0.0405  0.2610  1.0000  -1.9040   0.0000   0.2860
  15.900   0.7054   0.19472   0.18781  -0.0416  0.2600  1.0000  -1.8645   0.0000   0.2881
  16.000   0.6934   0.19159   0.18463  -0.0428  0.2583  1.0000  -1.8201   0.0000   0.2903
  16.100   0.6823   0.18854   0.18153  -0.0440  0.2549  1.0000  -1.7778   0.0000   0.2927
  16.200   0.6776   0.18763   0.18060  -0.0450  0.2495  1.0000  -1.7577   0.0000   0.2943
  16.300   0.6784   0.18807   0.18105  -0.0455  0.2429  1.0000  -1.7604   0.0000   0.2948
  16.400   0.7484   0.20890   0.20212  -0.0396  0.2202  1.0000  -2.0425   0.0000   0.2817
  16.500   0.7452   0.20963   0.20283  -0.0406  0.2199  1.0000  -2.0194   0.0000   0.2832
  16.600   0.7413   0.20981   0.20300  -0.0418  0.2196  1.0000  -1.9943   0.0000   0.2848
  16.700   0.7364   0.20917   0.20233  -0.0430  0.2191  1.0000  -1.9661   0.0000   0.2865
  16.800   0.7286   0.20731   0.20043  -0.0444  0.2182  1.0000  -1.9294   0.0000   0.2887
  16.900   0.7171   0.20397   0.19705  -0.0459  0.2166  1.0000  -1.8820   0.0000   0.2914
  17.000   0.7062   0.20095   0.19398  -0.0475  0.2132  1.0000  -1.8356   0.0000   0.2943
  17.100   0.7026   0.20057   0.19358  -0.0487  0.2089  1.0000  -1.8131   0.0000   0.2960
  17.200   0.7028   0.20142   0.19442  -0.0496  0.2050  1.0000  -1.8053   0.0000   0.2970
  17.300   0.7048   0.20268   0.19569  -0.0502  0.2015  1.0000  -1.8048   0.0000   0.2975
  17.400   0.7079   0.20416   0.19718  -0.0507  0.1983  1.0000  -1.8091   0.0000   0.2977
  17.500   0.7119   0.20581   0.19884  -0.0510  0.1954  1.0000  -1.8178   0.0000   0.2977
  17.600   0.7169   0.20766   0.20071  -0.0513  0.1927  1.0000  -1.8310   0.0000   0.2974
  17.700   0.7231   0.20981   0.20289  -0.0514  0.1903  1.0000  -1.8498   0.0000   0.2969
  17.800   0.7311   0.21250   0.20561  -0.0513  0.1881  1.0000  -1.8761   0.0000   0.2959
  17.900   0.7422   0.21633   0.20948  -0.0509  0.1860  1.0000  -1.9141   0.0000   0.2944
  18.000   0.7614   0.22374   0.21696  -0.0500  0.1837  1.0000  -1.9797   0.0000   0.2917
  18.100   0.7841   0.24112   0.23438  -0.0489  0.1810  1.0000  -2.0440   0.0000   0.2888
  18.200   0.7823   0.24158   0.23483  -0.0500  0.1808  1.0000  -2.0248   0.0000   0.2902
  18.300   0.7802   0.24179   0.23502  -0.0511  0.1806  1.0000  -2.0046   0.0000   0.2916
  18.400   0.7776   0.24167   0.23489  -0.0523  0.1803  1.0000  -1.9829   0.0000   0.2931
  18.500   0.7743   0.24108   0.23428  -0.0536  0.1799  1.0000  -1.9584   0.0000   0.2948
  18.600   0.7693   0.23971   0.23288  -0.0549  0.1794  1.0000  -1.9282   0.0000   0.2967
  18.700   0.7618   0.23730   0.23044  -0.0564  0.1786  1.0000  -1.8910   0.0000   0.2989
  18.800   0.7535   0.23445   0.22755  -0.0580  0.1772  1.0000  -1.8494   0.0000   0.3015
  18.900   0.7475   0.23265   0.22572  -0.0597  0.1747  1.0000  -1.8138   0.0000   0.3039
  19.000   0.7457   0.23273   0.22579  -0.0609  0.1718  1.0000  -1.7942   0.0000   0.3056
  19.100   0.7461   0.23371   0.22678  -0.0619  0.1691  1.0000  -1.7843   0.0000   0.3066
  19.200   0.7475   0.23506   0.22812  -0.0627  0.1666  1.0000  -1.7793   0.0000   0.3074
  19.300   0.7496   0.23657   0.22964  -0.0634  0.1643  1.0000  -1.7774   0.0000   0.3079
  19.400   0.7520   0.23819   0.23127  -0.0641  0.1621  1.0000  -1.7777   0.0000   0.3083
  19.500   0.7549   0.23989   0.23298  -0.0646  0.1600  1.0000  -1.7801   0.0000   0.3086
  19.600   0.7581   0.24167   0.23477  -0.0651  0.1580  1.0000  -1.7848   0.0000   0.3088
  19.700   0.7618   0.24354   0.23666  -0.0655  0.1561  1.0000  -1.7919   0.0000   0.3087
  19.800   0.7661   0.24557   0.23870  -0.0658  0.1542  1.0000  -1.8022   0.0000   0.3085
  19.900   0.7712   0.24785   0.24100  -0.0660  0.1525  1.0000  -1.8164   0.0000   0.3081
  20.000   0.7775   0.25059   0.24377  -0.0660  0.1508  1.0000  -1.8362   0.0000   0.3073





