QBlade v0.963 64bit

 Calculated polar for: SG6043

 1 1 Reynolds number fixed          Mach number fixed         

 xtrf =   1.000 (top)        1.000 (bottom)
 Mach =   0.000     Re =     0.075 e 6     Ncrit =   9.000

  alpha     CL        CD       CDp       Cm    Top Xtr Bot Xtr   Cpmin    Chinge    XCp    
 ------- -------- --------- --------- -------- ------- ------- -------- --------- ---------
 -10.000  -0.3183   0.14076   0.13492  -0.0342  1.0000  0.0684  -1.2347   0.0000   0.1314
  -9.900  -0.3225   0.14090   0.13509  -0.0340  1.0000  0.0687  -1.2538   0.0000   0.1338
  -9.800  -0.3268   0.14104   0.13526  -0.0338  1.0000  0.0689  -1.2729   0.0000   0.1362
  -9.700  -0.3312   0.14113   0.13539  -0.0336  1.0000  0.0691  -1.2916   0.0000   0.1386
  -9.600  -0.3355   0.14118   0.13548  -0.0333  1.0000  0.0693  -1.3098   0.0000   0.1410
  -9.500  -0.3397   0.14119   0.13552  -0.0330  1.0000  0.0694  -1.3274   0.0000   0.1434
  -9.400  -0.3438   0.14113   0.13550  -0.0327  1.0000  0.0695  -1.3441   0.0000   0.1457
  -9.300  -0.3479   0.14105   0.13544  -0.0324  1.0000  0.0696  -1.3605   0.0000   0.1481
  -9.200  -0.3519   0.14091   0.13534  -0.0320  1.0000  0.0697  -1.3759   0.0000   0.1505
  -9.100  -0.3558   0.14072   0.13519  -0.0316  1.0000  0.0698  -1.3907   0.0000   0.1529
  -9.000  -0.3599   0.14052   0.13501  -0.0312  1.0000  0.0698  -1.4053   0.0000   0.1553
  -8.900  -0.3640   0.14029   0.13482  -0.0307  1.0000  0.0699  -1.4197   0.0000   0.1578
  -8.800  -0.3682   0.14004   0.13460  -0.0303  1.0000  0.0700  -1.4341   0.0000   0.1602
  -8.700  -0.3726   0.13979   0.13438  -0.0298  1.0000  0.0700  -1.4485   0.0000   0.1628
  -8.600  -0.3771   0.13952   0.13415  -0.0292  1.0000  0.0700  -1.4628   0.0000   0.1654
  -8.500  -0.3819   0.13925   0.13391  -0.0286  1.0000  0.0701  -1.4772   0.0000   0.1681
  -8.400  -0.3868   0.13898   0.13366  -0.0280  1.0000  0.0701  -1.4915   0.0000   0.1709
  -8.300  -0.3912   0.13863   0.13335  -0.0274  1.0000  0.0702  -1.5039   0.0000   0.1735
  -8.200  -0.3957   0.13827   0.13302  -0.0268  1.0000  0.0702  -1.5161   0.0000   0.1761
  -8.000  -0.3419   0.12209   0.11677  -0.0242  1.0000  0.0751  -1.3036   0.0000   0.1713
  -7.900  -0.3419   0.12115   0.11584  -0.0235  1.0000  0.0759  -1.2957   0.0000   0.1735
  -7.800  -0.3424   0.12029   0.11500  -0.0228  1.0000  0.0766  -1.2908   0.0000   0.1757
  -7.700  -0.3434   0.11949   0.11423  -0.0222  1.0000  0.0774  -1.2882   0.0000   0.1780
  -7.600  -0.3448   0.11873   0.11349  -0.0216  1.0000  0.0781  -1.2873   0.0000   0.1802
  -7.500  -0.3464   0.11801   0.11279  -0.0209  1.0000  0.0789  -1.2880   0.0000   0.1824
  -7.400  -0.3484   0.11731   0.11212  -0.0203  1.0000  0.0797  -1.2900   0.0000   0.1846
  -7.300  -0.3506   0.11664   0.11147  -0.0197  1.0000  0.0804  -1.2931   0.0000   0.1869
  -7.200  -0.3530   0.11598   0.11084  -0.0192  1.0000  0.0812  -1.2972   0.0000   0.1891
  -7.100  -0.3557   0.11535   0.11024  -0.0186  1.0000  0.0820  -1.3024   0.0000   0.1914
  -7.000  -0.3587   0.11475   0.10966  -0.0180  1.0000  0.0827  -1.3086   0.0000   0.1936
  -6.900  -0.3620   0.11417   0.10911  -0.0174  1.0000  0.0835  -1.3158   0.0000   0.1959
  -6.800  -0.3657   0.11363   0.10860  -0.0167  1.0000  0.0842  -1.3240   0.0000   0.1983
  -6.700  -0.3697   0.11313   0.10812  -0.0161  1.0000  0.0850  -1.3332   0.0000   0.2007
  -6.600  -0.3743   0.11267   0.10769  -0.0154  1.0000  0.0857  -1.3435   0.0000   0.2033
  -6.500  -0.3793   0.11226   0.10732  -0.0147  1.0000  0.0863  -1.3549   0.0000   0.2059
  -6.400  -0.3849   0.11190   0.10699  -0.0139  1.0000  0.0870  -1.3675   0.0000   0.2086
  -6.300  -0.3908   0.11159   0.10671  -0.0132  1.0000  0.0876  -1.3812   0.0000   0.2112
  -6.200  -0.3966   0.11128   0.10643  -0.0127  1.0000  0.0882  -1.3964   0.0000   0.2133
  -6.100  -0.4013   0.11093   0.10611  -0.0128  1.0000  0.0889  -1.4148   0.0000   0.2135
  -6.000  -0.4056   0.11066   0.10587  -0.0135  1.0000  0.0897  -1.4378   0.0000   0.2124
  -5.900  -0.4093   0.11050   0.10574  -0.0149  1.0000  0.0905  -1.4669   0.0000   0.2093
  -5.800  -0.4116   0.11042   0.10568  -0.0174  1.0000  0.0913  -1.5028   0.0000   0.2035
  -5.700  -0.4116   0.11025   0.10551  -0.0209  1.0000  0.0919  -1.5427   0.0000   0.1952
  -5.600  -0.4092   0.10979   0.10505  -0.0246  1.0000  0.0923  -1.5797   0.0000   0.1860
  -5.500  -0.4057   0.10902   0.10426  -0.0281  1.0000  0.0926  -1.6141   0.0000   0.1769
  -5.400  -0.4015   0.10808   0.10329  -0.0309  1.0000  0.0928  -1.6410   0.0000   0.1692
  -5.300  -0.3982   0.10651   0.10175  -0.0328  1.0000  0.0931  -1.6633   0.0000   0.1639
  -5.200  -0.4056   0.10215   0.09748  -0.0285  1.0000  0.0941  -1.6449   0.0000   0.1760
  -5.100  -0.4086   0.10004   0.09542  -0.0246  1.0000  0.0950  -1.6094   0.0000   0.1861
  -5.000  -0.4108   0.09862   0.09404  -0.0197  1.0000  0.0965  -1.5553   0.0000   0.1985
  -4.900  -0.4114   0.09778   0.09323  -0.0148  1.0000  0.0993  -1.4903   0.0000   0.2104
  -4.800  -0.4105   0.09709   0.09256  -0.0127  1.0000  0.1028  -1.4529   0.0000   0.2155
  -4.700  -0.4091   0.09630   0.09178  -0.0126  1.0000  0.1065  -1.4392   0.0000   0.2158
  -4.600  -0.4067   0.09543   0.09092  -0.0140  1.0000  0.1104  -1.4419   0.0000   0.2122
  -4.500  -0.3771   0.09652   0.09180  -0.0338  1.0000  0.1181  -1.5670   0.0000   0.1570
  -4.400  -0.3705   0.09381   0.08906  -0.0380  1.0000  0.1193  -1.6052   0.0000   0.1441
  -4.300  -0.3780   0.09065   0.08602  -0.0335  1.0000  0.1206  -1.5730   0.0000   0.1580
  -4.200  -0.3824   0.08908   0.08454  -0.0293  1.0000  0.1219  -1.5334   0.0000   0.1701
  -4.100  -0.3842   0.08795   0.08345  -0.0263  1.0000  0.1232  -1.4996   0.0000   0.1784
  -4.000  -0.3836   0.08692   0.08244  -0.0244  1.0000  0.1245  -1.4729   0.0000   0.1831
  -3.900  -0.3818   0.08589   0.08144  -0.0234  1.0000  0.1260  -1.4505   0.0000   0.1856
  -3.800  -0.3791   0.08488   0.08044  -0.0229  1.0000  0.1278  -1.4304   0.0000   0.1866
  -3.700  -0.3754   0.08384   0.07940  -0.0229  1.0000  0.1298  -1.4128   0.0000   0.1859
  -3.600  -0.3704   0.08274   0.07831  -0.0235  1.0000  0.1323  -1.3979   0.0000   0.1834
  -3.500  -0.3636   0.08157   0.07713  -0.0250  1.0000  0.1353  -1.3863   0.0000   0.1781
  -3.400  -0.3495   0.08035   0.07585  -0.0297  1.0000  0.1409  -1.3859   0.0000   0.1619
  -3.300  -0.3137   0.07751   0.07277  -0.0444  1.0000  0.1494  -1.4404   0.0000   0.1051
  -3.200  -0.3137   0.07581   0.07105  -0.0428  1.0000  0.1506  -1.4168   0.0000   0.1104
  -3.100  -0.3128   0.07457   0.06986  -0.0411  1.0000  0.1518  -1.3853   0.0000   0.1152
  -3.000  -0.3109   0.07352   0.06885  -0.0398  1.0000  0.1532  -1.3536   0.0000   0.1187
  -2.900  -0.3080   0.07258   0.06793  -0.0388  1.0000  0.1550  -1.3220   0.0000   0.1207
  -2.800  -0.3039   0.07170   0.06707  -0.0383  1.0000  0.1572  -1.2909   0.0000   0.1209
  -2.700  -0.2981   0.07081   0.06618  -0.0383  1.0000  0.1602  -1.2608   0.0000   0.1182
  -2.600  -0.2894   0.06988   0.06524  -0.0394  1.0000  0.1645  -1.2323   0.0000   0.1106
  -2.500  -0.2250   0.06656   0.06169  -0.0553  0.9883  0.1846  -1.1517   0.0000   0.0000
  -2.400  -0.2086   0.06543   0.06058  -0.0563  0.9830  0.1891  -1.1044   0.0000  -0.0242
  -2.300  -0.1936   0.06448   0.05962  -0.0577  0.9786  0.1952  -1.0769   0.0000  -0.0529
  -2.200  -0.1547   0.06259   0.05753  -0.0672  0.9746  0.2175  -1.0607   0.0000  -0.1904
  -2.100  -0.1459   0.06147   0.05647  -0.0668  0.9707  0.2209  -1.0337   0.0000  -0.2136
  -2.000  -0.1367   0.06065   0.05567  -0.0667  0.9675  0.2257  -1.0103   0.0000  -0.2443
  -1.900  -0.1081   0.05969   0.05456  -0.0730  0.9645  0.2526  -0.9886   0.0000  -0.4324
  -1.800  -0.0989   0.05852   0.05346  -0.0725  0.9623  0.2566  -0.9635   0.0000  -0.4920
  -1.700  -0.0835   0.05779   0.05275  -0.0733  0.9601  0.2641  -0.9354   0.0000  -0.6370
  -1.600  -0.0689   0.05706   0.05195  -0.0759  0.9565  0.2912  -0.9173   0.0000  -0.8632
  -1.500  -0.0627   0.05612   0.05107  -0.0750  0.9538  0.2954  -0.8999   0.0000  -0.9574
  -1.400  -0.0522   0.05543   0.05041  -0.0751  0.9511  0.3028  -0.8804   0.0000  -1.2017
  -1.300   0.0398   0.04984   0.04394  -0.0971  0.9491  0.2229  -0.9624   0.0000   2.7046
  -1.200   0.1333   0.04196   0.03397  -0.1116  0.9499  0.0830  -1.3337   0.0000   1.0925
  -1.100   0.1572   0.04095   0.03267  -0.1140  0.9480  0.0805  -1.3408   0.0000   0.9796
  -1.000   0.1818   0.04012   0.03153  -0.1164  0.9462  0.0788  -1.3446   0.0000   0.8937
  -0.900   0.2069   0.03948   0.03065  -0.1188  0.9445  0.0784  -1.3402   0.0000   0.8271
  -0.800   0.2151   0.03905   0.03012  -0.1185  0.9402  0.0786  -1.3364   0.0000   0.8034
  -0.700   0.2294   0.03863   0.02960  -0.1191  0.9367  0.0795  -1.3284   0.0000   0.7715
  -0.600   0.2467   0.03823   0.02902  -0.1202  0.9338  0.0816  -1.3265   0.0000   0.7392
  -0.500   0.2657   0.03787   0.02856  -0.1215  0.9312  0.0847  -1.3185   0.0000   0.7088
  -0.400   0.2860   0.03757   0.02814  -0.1229  0.9290  0.0898  -1.3177   0.0000   0.6809
  -0.300   0.3082   0.03690   0.02747  -0.1247  0.9275  0.1004  -1.3311   0.0000   0.6557
  -0.200   0.3300   0.03665   0.02738  -0.1268  0.9258  0.1353  -1.3302   0.0000   0.6350
  -0.100   0.3333   0.03640   0.02725  -0.1259  0.9213  0.1618  -1.3358   0.0000   0.6283
   0.000   0.3455   0.03624   0.02720  -0.1265  0.9182  0.2107  -1.3225   0.0000   0.6164
   0.100   0.3641   0.03567   0.02691  -0.1280  0.9160  0.2774  -1.2966   0.0000   0.6016
   0.200   0.3743   0.03383   0.02711  -0.1267  0.9154  0.7778  -1.2762   0.0000   0.5884
   0.300   0.3780   0.03356   0.02684  -0.1248  0.9109  1.0000  -1.2491   0.0000   0.5800
   0.400   0.3975   0.03386   0.02686  -0.1263  0.9083  1.0000  -1.1744   0.0000   0.5673
   0.500   0.4194   0.03421   0.02699  -0.1282  0.9060  1.0000  -1.0880   0.0000   0.5551
   0.600   0.4217   0.03441   0.02712  -0.1271  0.9005  1.0000  -1.0547   0.0000   0.5505
   0.700   0.4295   0.03462   0.02724  -0.1268  0.8955  1.0000  -1.0058   0.0000   0.5442
   0.800   0.4430   0.03486   0.02736  -0.1274  0.8917  1.0000  -0.9409   0.0000   0.5365
   0.900   0.4592   0.03511   0.02749  -0.1284  0.8885  1.0000  -0.8681   0.0000   0.5284
   1.000   0.4773   0.03537   0.02764  -0.1298  0.8860  1.0000  -0.7905   0.0000   0.5205
   1.100   0.4973   0.03566   0.02782  -0.1314  0.8839  1.0000  -0.7080   0.0000   0.5126
   1.200   0.5128   0.03598   0.02805  -0.1323  0.8809  1.0000  -0.6450   0.0000   0.5063
   1.300   0.5079   0.03623   0.02830  -0.1301  0.8739  1.0000  -0.6428   0.0000   0.5043
   1.400   0.5183   0.03646   0.02846  -0.1302  0.8693  1.0000  -0.6515   0.0000   0.4992
   1.500   0.5334   0.03665   0.02858  -0.1310  0.8656  1.0000  -0.6636   0.0000   0.4935
   1.600   0.5515   0.03682   0.02867  -0.1322  0.8625  1.0000  -0.6778   0.0000   0.4875
   1.700   0.5716   0.03700   0.02874  -0.1337  0.8600  1.0000  -0.6939   0.0000   0.4815
   1.800   0.5930   0.03720   0.02887  -0.1354  0.8580  1.0000  -0.7119   0.0000   0.4758
   1.900   0.5897   0.03762   0.02928  -0.1335  0.8515  1.0000  -0.7117   0.0000   0.4738
   2.000   0.5936   0.03793   0.02958  -0.1327  0.8458  1.0000  -0.7168   0.0000   0.4708
   2.100   0.6056   0.03814   0.02974  -0.1330  0.8415  1.0000  -0.7280   0.0000   0.4667
   2.200   0.6218   0.03827   0.02982  -0.1339  0.8380  1.0000  -0.7425   0.0000   0.4622
   2.300   0.6408   0.03835   0.02985  -0.1351  0.8351  1.0000  -0.7600   0.0000   0.4576
   2.400   0.6618   0.03840   0.02986  -0.1366  0.8327  1.0000  -0.7799   0.0000   0.4530
   2.500   0.6840   0.03846   0.02987  -0.1382  0.8308  1.0000  -0.8009   0.0000   0.4486
   2.600   0.6725   0.03912   0.03055  -0.1353  0.8219  1.0000  -0.7945   0.0000   0.4476
   2.700   0.6791   0.03940   0.03082  -0.1348  0.8162  1.0000  -0.8031   0.0000   0.4448
   2.800   0.6926   0.03954   0.03093  -0.1352  0.8121  1.0000  -0.8186   0.0000   0.4414
   2.900   0.7098   0.03956   0.03093  -0.1361  0.8088  1.0000  -0.8376   0.0000   0.4378
   3.000   0.7298   0.03951   0.03085  -0.1373  0.8061  1.0000  -0.8591   0.0000   0.4340
   3.100   0.7511   0.03942   0.03074  -0.1386  0.8039  1.0000  -0.8832   0.0000   0.4304
   3.200   0.7738   0.03930   0.03060  -0.1401  0.8021  1.0000  -0.9099   0.0000   0.4268
   3.400   0.7645   0.04055   0.03187  -0.1362  0.7855  1.0000  -0.9109   0.0000   0.4237
   3.500   0.7796   0.04055   0.03186  -0.1368  0.7815  1.0000  -0.9305   0.0000   0.4207
   3.600   0.7977   0.04043   0.03174  -0.1376  0.7784  1.0000  -0.9549   0.0000   0.4177
   3.700   0.8180   0.04021   0.03152  -0.1386  0.7758  1.0000  -0.9828   0.0000   0.4145
   3.800   0.8402   0.03991   0.03122  -0.1399  0.7738  1.0000  -1.0134   0.0000   0.4114
   3.900   0.8642   0.03952   0.03094  -0.1413  0.7721  1.0000  -1.0495   0.0000   0.4083
   4.100   0.8515   0.04113   0.03257  -0.1371  0.7537  1.0000  -1.0497   0.0000   0.4056
   4.200   0.8675   0.04097   0.03241  -0.1376  0.7498  1.0000  -1.0766   0.0000   0.4030
   4.300   0.8869   0.04063   0.03208  -0.1383  0.7469  1.0000  -1.1080   0.0000   0.4003
   4.400   0.9090   0.04012   0.03158  -0.1393  0.7445  1.0000  -1.1429   0.0000   0.3975
   4.500   0.9331   0.03947   0.03095  -0.1405  0.7427  1.0000  -1.1806   0.0000   0.3947
   4.600   0.9569   0.03879   0.03028  -0.1416  0.7409  1.0000  -1.2186   0.0000   0.3920
   4.700   0.9815   0.03804   0.02956  -0.1428  0.7395  1.0000  -1.2605   0.0000   0.3893
   5.000   0.9827   0.03957   0.03114  -0.1386  0.7148  1.0000  -1.2922   0.0000   0.3845
   5.100   1.0057   0.03872   0.03032  -0.1394  0.7126  1.0000  -1.3353   0.0000   0.3820
   5.200   1.0297   0.03775   0.02939  -0.1403  0.7108  1.0000  -1.3802   0.0000   0.3794
   5.300   1.0549   0.03666   0.02833  -0.1412  0.7094  1.0000  -1.4273   0.0000   0.3770
   5.400   1.0825   0.03540   0.02712  -0.1425  0.7081  1.0000  -1.4835   0.0000   0.3745
   5.500   1.1126   0.03406   0.02582  -0.1441  0.7068  1.0000  -1.5461   0.0000   0.3723
   5.800   1.1133   0.03528   0.02711  -0.1391  0.6811  1.0000  -1.5880   0.0000   0.3673
   5.900   1.1423   0.03379   0.02567  -0.1403  0.6791  1.0000  -1.6581   0.0000   0.3651
   6.000   1.1748   0.03217   0.02411  -0.1421  0.6770  1.0000  -1.7371   0.0000   0.3631
   6.100   1.2116   0.03051   0.02269  -0.1447  0.6747  1.0000  -1.8255   0.0000   0.3614
   6.200   1.1778   0.03285   0.02505  -0.1389  0.6604  1.0000  -1.7775   0.0000   0.3598
   6.300   1.1944   0.03216   0.02440  -0.1389  0.6542  1.0000  -1.8273   0.0000   0.3580
   6.400   1.2219   0.03080   0.02308  -0.1401  0.6496  1.0000  -1.8989   0.0000   0.3562
   6.500   1.2590   0.02907   0.02140  -0.1428  0.6450  1.0000  -1.9895   0.0000   0.3548
   6.600   1.2992   0.02732   0.01964  -0.1459  0.6395  1.0000  -2.0873   0.0000   0.3535
   6.700   1.2834   0.02842   0.02081  -0.1419  0.6286  1.0000  -2.0742   0.0000   0.3516
   6.800   1.2948   0.02808   0.02049  -0.1413  0.6190  1.0000  -2.1155   0.0000   0.3501
   6.900   1.3231   0.02690   0.01930  -0.1429  0.6100  1.0000  -2.1913   0.0000   0.3488
   7.000   1.3425   0.02635   0.01872  -0.1435  0.6002  1.0000  -2.2490   0.0000   0.3475
   7.100   1.3409   0.02670   0.01913  -0.1412  0.5890  1.0000  -2.2647   0.0000   0.3458
   7.200   1.3564   0.02625   0.01865  -0.1412  0.5774  1.0000  -2.3154   0.0000   0.3444
   7.300   1.3764   0.02577   0.01809  -0.1420  0.5651  1.0000  -2.3782   0.0000   0.3433
   7.400   1.3756   0.02610   0.01847  -0.1398  0.5529  1.0000  -2.3999   0.0000   0.3416
   7.500   1.3891   0.02586   0.01816  -0.1396  0.5394  1.0000  -2.4567   0.0000   0.3403
   7.600   1.3987   0.02588   0.01812  -0.1390  0.5258  1.0000  -2.5039   0.0000   0.3390
   7.700   1.4011   0.02610   0.01836  -0.1373  0.5121  1.0000  -2.5338   0.0000   0.3375
   7.800   1.4172   0.02594   0.01799  -0.1375  0.4957  1.0000  -2.6099   0.0000   0.3363
   7.900   1.4154   0.02634   0.01846  -0.1352  0.4823  1.0000  -2.6337   0.0000   0.3347
   8.000   1.4234   0.02645   0.01843  -0.1343  0.4665  1.0000  -2.6871   0.0000   0.3334
   8.100   1.4275   0.02677   0.01869  -0.1330  0.4515  1.0000  -2.7279   0.0000   0.3320
   8.200   1.4296   0.02708   0.01895  -0.1313  0.4369  1.0000  -2.7638   0.0000   0.3305
   8.300   1.4370   0.02740   0.01908  -0.1304  0.4210  1.0000  -2.8152   0.0000   0.3293
   8.400   1.4366   0.02782   0.01952  -0.1285  0.4074  1.0000  -2.8427   0.0000   0.3278
   8.500   1.4448   0.02825   0.01989  -0.1277  0.3897  1.0000  -2.8957   0.0000   0.3266
   8.600   1.4432   0.02873   0.02046  -0.1256  0.3772  1.0000  -2.9189   0.0000   0.3251
   8.700   1.4458   0.02918   0.02080  -0.1242  0.3634  1.0000  -2.9564   0.0000   0.3238
   8.800   1.4502   0.02974   0.02122  -0.1231  0.3493  1.0000  -2.9980   0.0000   0.3226
   8.900   1.4504   0.03024   0.02174  -0.1213  0.3371  1.0000  -3.0271   0.0000   0.3213
   9.000   1.4558   0.03082   0.02207  -0.1204  0.3237  1.0000  -3.0736   0.0000   0.3201
   9.100   1.4571   0.03139   0.02267  -0.1189  0.3124  1.0000  -3.1045   0.0000   0.3189
   9.200   1.4582   0.03193   0.02320  -0.1174  0.3017  1.0000  -3.1366   0.0000   0.3176
   9.300   1.4672   0.03265   0.02360  -0.1171  0.2883  1.0000  -3.1929   0.0000   0.3168
   9.400   1.4669   0.03320   0.02428  -0.1154  0.2800  1.0000  -3.2182   0.0000   0.3155
   9.500   1.4688   0.03376   0.02485  -0.1141  0.2709  1.0000  -3.2516   0.0000   0.3143
   9.600   1.4736   0.03438   0.02533  -0.1132  0.2617  1.0000  -3.2951   0.0000   0.3133
   9.700   1.4805   0.03513   0.02601  -0.1126  0.2519  1.0000  -3.3418   0.0000   0.3124
   9.800   1.4818   0.03570   0.02666  -0.1112  0.2445  1.0000  -3.3721   0.0000   0.3112
   9.900   1.4842   0.03626   0.02720  -0.1100  0.2371  1.0000  -3.4081   0.0000   0.3101
  10.000   1.4928   0.03702   0.02774  -0.1098  0.2279  1.0000  -3.4636   0.0000   0.3094
  10.100   1.4965   0.03772   0.02849  -0.1088  0.2212  1.0000  -3.4998   0.0000   0.3084
  10.200   1.4979   0.03830   0.02917  -0.1075  0.2152  1.0000  -3.5303   0.0000   0.3073
  10.300   1.5008   0.03888   0.02976  -0.1064  0.2090  1.0000  -3.5669   0.0000   0.3063
  10.400   1.5055   0.03951   0.03032  -0.1057  0.2031  1.0000  -3.6101   0.0000   0.3054
  10.500   1.5214   0.04059   0.03125  -0.1065  0.1947  1.0000  -3.6800   0.0000   0.3050
  10.600   1.5229   0.04124   0.03204  -0.1052  0.1906  1.0000  -3.7078   0.0000   0.3039
  10.700   1.5261   0.04192   0.03281  -0.1041  0.1860  1.0000  -3.7411   0.0000   0.3029
  10.800   1.5307   0.04258   0.03350  -0.1033  0.1812  1.0000  -3.7798   0.0000   0.3020
  10.900   1.5373   0.04325   0.03413  -0.1028  0.1764  1.0000  -3.8262   0.0000   0.3012
  11.000   1.5605   0.04480   0.03549  -0.1047  0.1681  1.0000  -3.9133   0.0000   0.3013
  11.100   1.5601   0.04544   0.03629  -0.1032  0.1656  1.0000  -3.9345   0.0000   0.3002
  11.200   1.5605   0.04615   0.03713  -0.1018  0.1625  1.0000  -3.9579   0.0000   0.2991
  11.300   1.5619   0.04685   0.03793  -0.1006  0.1590  1.0000  -3.9854   0.0000   0.2981
  11.400   1.5642   0.04752   0.03864  -0.0995  0.1553  1.0000  -4.0178   0.0000   0.2972
  11.500   1.5674   0.04813   0.03925  -0.0987  0.1516  1.0000  -4.0560   0.0000   0.2963
  11.600   1.5746   0.04884   0.03985  -0.0984  0.1474  1.0000  -4.1111   0.0000   0.2956
  11.700   1.5892   0.05053   0.04163  -0.0992  0.1419  1.0000  -4.1859   0.0000   0.2954
  11.800   1.5878   0.05125   0.04250  -0.0977  0.1401  1.0000  -4.2105   0.0000   0.2944
  11.900   1.5882   0.05211   0.04351  -0.0964  0.1380  1.0000  -4.2397   0.0000   0.2934
  12.000   1.5890   0.05304   0.04456  -0.0953  0.1358  1.0000  -4.2700   0.0000   0.2925
  12.100   1.5899   0.05399   0.04563  -0.0942  0.1336  1.0000  -4.3013   0.0000   0.2916
  12.200   1.5915   0.05493   0.04667  -0.0932  0.1314  1.0000  -4.3358   0.0000   0.2907
  12.300   1.5940   0.05586   0.04766  -0.0923  0.1291  1.0000  -4.3747   0.0000   0.2899
  12.400   1.5979   0.05676   0.04860  -0.0916  0.1268  1.0000  -4.4203   0.0000   0.2892
  12.500   1.6042   0.05769   0.04953  -0.0912  0.1244  1.0000  -4.4760   0.0000   0.2885
  12.600   1.6201   0.05957   0.05132  -0.0922  0.1205  1.0000  -4.5610   0.0000   0.2884
  12.700   1.6208   0.06184   0.05372  -0.0916  0.1185  1.0000  -4.5785   0.0000   0.2878
  12.800   1.6153   0.06273   0.05476  -0.0898  0.1178  1.0000  -4.5864   0.0000   0.2868
  12.900   1.6096   0.06372   0.05590  -0.0882  0.1169  1.0000  -4.5930   0.0000   0.2858
  13.000   1.6037   0.06478   0.05711  -0.0866  0.1159  1.0000  -4.5984   0.0000   0.2848
  13.100   1.5978   0.06591   0.05838  -0.0852  0.1149  1.0000  -4.6032   0.0000   0.2840
  13.200   1.5919   0.06711   0.05971  -0.0838  0.1138  1.0000  -4.6077   0.0000   0.2831
  13.300   1.5860   0.06834   0.06107  -0.0825  0.1126  1.0000  -4.6127   0.0000   0.2823
  13.400   1.5804   0.06960   0.06244  -0.0814  0.1114  1.0000  -4.6188   0.0000   0.2816
  13.500   1.5752   0.07086   0.06381  -0.0803  0.1101  1.0000  -4.6269   0.0000   0.2809
  13.600   1.5708   0.07208   0.06512  -0.0794  0.1086  1.0000  -4.6394   0.0000   0.2803
  13.700   1.5661   0.07332   0.06645  -0.0785  0.1073  1.0000  -4.6509   0.0000   0.2797
  13.800   1.5616   0.07457   0.06777  -0.0776  0.1060  1.0000  -4.6636   0.0000   0.2791
  13.900   1.5588   0.07571   0.06897  -0.0769  0.1046  1.0000  -4.6850   0.0000   0.2786
  14.000   1.5580   0.07678   0.07006  -0.0764  0.1031  1.0000  -4.7151   0.0000   0.2780
  14.100   1.5582   0.07795   0.07126  -0.0759  0.1017  1.0000  -4.7470   0.0000   0.2775
  14.200   1.5595   0.07932   0.07265  -0.0755  0.1003  1.0000  -4.7798   0.0000   0.2770
  14.300   1.5591   0.08113   0.07448  -0.0751  0.0991  1.0000  -4.8014   0.0000   0.2766
  14.400   1.5539   0.08338   0.07682  -0.0746  0.0983  1.0000  -4.7980   0.0000   0.2763
  14.500   1.5452   0.08580   0.07935  -0.0741  0.0979  1.0000  -4.7791   0.0000   0.2761
  14.600   1.5347   0.08824   0.08190  -0.0737  0.0976  1.0000  -4.7529   0.0000   0.2759
  14.700   1.5234   0.09068   0.08446  -0.0734  0.0974  1.0000  -4.7230   0.0000   0.2759
  14.800   1.5115   0.09314   0.08704  -0.0732  0.0973  1.0000  -4.6908   0.0000   0.2760
  14.900   1.4993   0.09561   0.08963  -0.0731  0.0972  1.0000  -4.6568   0.0000   0.2761
  15.000   1.4869   0.09813   0.09226  -0.0732  0.0972  1.0000  -4.6211   0.0000   0.2764
  15.100   1.4742   0.10067   0.09491  -0.0735  0.0972  1.0000  -4.5836   0.0000   0.2768
  15.200   1.4613   0.10327   0.09762  -0.0739  0.0973  1.0000  -4.5438   0.0000   0.2774
  15.300   1.4478   0.10593   0.10038  -0.0746  0.0975  1.0000  -4.5008   0.0000   0.2781
  15.400   1.4335   0.10871   0.10327  -0.0755  0.0977  1.0000  -4.4523   0.0000   0.2791
  15.500   1.4160   0.11182   0.10651  -0.0770  0.0983  1.0000  -4.3862   0.0000   0.2806
  15.600   1.2398   0.15118   0.14607  -0.1018  0.1188  1.0000  -3.2370   0.0000   0.3092
  15.800   1.1488   0.18833   0.18303  -0.1252  0.1406  1.0000  -2.3580   0.0000   0.3374
  15.900   1.1532   0.19080   0.18553  -0.1251  0.1415  1.0000  -2.3750   0.0000   0.3367
  16.000   1.1568   0.19351   0.18828  -0.1251  0.1421  1.0000  -2.3867   0.0000   0.3363
  16.100   1.1599   0.19655   0.19135  -0.1253  0.1426  1.0000  -2.3944   0.0000   0.3360
  16.200   1.1627   0.19978   0.19460  -0.1256  0.1429  1.0000  -2.3979   0.0000   0.3358
  16.400   1.1159   0.22223   0.21696  -0.1426  0.1941  1.0000  -1.8802   0.0000   0.3563
  16.500   1.1022   0.22165   0.21633  -0.1458  0.1913  1.0000  -1.8099   0.0000   0.3606
  16.600   1.0973   0.22237   0.21704  -0.1476  0.1867  1.0000  -1.7820   0.0000   0.3627
  16.700   1.0990   0.22350   0.21818  -0.1481  0.1816  1.0000  -1.7913   0.0000   0.3628
  16.800   1.1091   0.22432   0.21905  -0.1468  0.1758  1.0000  -1.8529   0.0000   0.3601
  16.900   1.1304   0.22670   0.22153  -0.1436  0.1720  1.0000  -1.9692   0.0000   0.3545
  17.000   1.1503   0.23150   0.22642  -0.1404  0.1701  1.0000  -2.0693   0.0000   0.3493
  17.100   1.1589   0.23898   0.23391  -0.1392  0.1689  1.0000  -2.0999   0.0000   0.3473
  17.200   1.1555   0.24085   0.23578  -0.1410  0.1687  1.0000  -2.0700   0.0000   0.3490
  17.300   1.1513   0.24239   0.23730  -0.1428  0.1685  1.0000  -2.0364   0.0000   0.3509
  17.400   1.1458   0.24344   0.23834  -0.1450  0.1681  1.0000  -1.9960   0.0000   0.3533
  17.500   1.1362   0.24351   0.23838  -0.1479  0.1674  1.0000  -1.9367   0.0000   0.3567
  17.600   1.1208   0.24215   0.23696  -0.1517  0.1653  1.0000  -1.8520   0.0000   0.3618
  17.700   1.1143   0.24270   0.23749  -0.1542  0.1616  1.0000  -1.8084   0.0000   0.3646
  17.800   1.1139   0.24429   0.23908  -0.1553  0.1587  1.0000  -1.7975   0.0000   0.3655
  17.900   1.1151   0.24601   0.24081  -0.1560  0.1561  1.0000  -1.7964   0.0000   0.3658
  18.000   1.1172   0.24776   0.24258  -0.1565  0.1539  1.0000  -1.8010   0.0000   0.3658
  18.100   1.1201   0.24952   0.24436  -0.1568  0.1520  1.0000  -1.8104   0.0000   0.3655
  18.200   1.1238   0.25133   0.24619  -0.1569  0.1502  1.0000  -1.8249   0.0000   0.3649
  18.300   1.1284   0.25324   0.24813  -0.1568  0.1487  1.0000  -1.8453   0.0000   0.3640
  18.400   1.1344   0.25539   0.25031  -0.1564  0.1473  1.0000  -1.8728   0.0000   0.3627
  18.500   1.1424   0.25807   0.25303  -0.1556  0.1461  1.0000  -1.9108   0.0000   0.3608
  18.600   1.1547   0.26216   0.25718  -0.1541  0.1449  1.0000  -1.9683   0.0000   0.3579
  18.700   1.1707   0.26953   0.26463  -0.1515  0.1436  1.0000  -2.0447   0.0000   0.3537
  18.900   1.1699   0.27677   0.27185  -0.1534  0.1428  1.0000  -2.0112   0.0000   0.3551
  19.000   1.1661   0.27779   0.27286  -0.1552  0.1425  1.0000  -1.9775   0.0000   0.3569
  19.100   1.1602   0.27822   0.27327  -0.1574  0.1422  1.0000  -1.9345   0.0000   0.3593
  19.200   1.1511   0.27763   0.27265  -0.1600  0.1416  1.0000  -1.8780   0.0000   0.3625
  19.300   1.1404   0.27662   0.27160  -0.1632  0.1401  1.0000  -1.8103   0.0000   0.3664
  19.400   1.1354   0.27725   0.27222  -0.1656  0.1376  1.0000  -1.7683   0.0000   0.3688
  19.500   1.1346   0.27891   0.27388  -0.1668  0.1354  1.0000  -1.7518   0.0000   0.3699
  19.600   1.1351   0.28075   0.27573  -0.1677  0.1333  1.0000  -1.7441   0.0000   0.3704
  19.700   1.1362   0.28259   0.27759  -0.1684  0.1311  1.0000  -1.7422   0.0000   0.3706
  19.800   1.1382   0.28438   0.27939  -0.1688  0.1289  1.0000  -1.7589   0.0000   0.3705
  19.900   1.1412   0.28607   0.28111  -0.1689  0.1266  1.0000  -1.7878   0.0000   0.3700
  20.000   1.1465   0.28775   0.28282  -0.1683  0.1241  1.0000  -1.8388   0.0000   0.3685


