QBlade v0.963 64bit

 Calculated polar for: SD7034

 1 1 Reynolds number fixed          Mach number fixed         

 xtrf =   1.000 (top)        1.000 (bottom)
 Mach =   0.000     Re =     0.050 e 6     Ncrit =   9.000

  alpha     CL        CD       CDp       Cm    Top Xtr Bot Xtr   Cpmin    Chinge    XCp    
 ------- -------- --------- --------- -------- ------- ------- -------- --------- ---------
 -10.000  -0.3186   0.12412   0.11694  -0.0206  1.0000  0.1346  -1.0804   0.0000   0.1765
  -9.900  -0.3170   0.12317   0.11601  -0.0212  1.0000  0.1366  -1.0842   0.0000   0.1744
  -9.800  -0.3161   0.12237   0.11524  -0.0218  1.0000  0.1387  -1.0905   0.0000   0.1722
  -9.700  -0.3160   0.12182   0.11472  -0.0226  1.0000  0.1408  -1.1004   0.0000   0.1698
  -9.600  -0.3175   0.12171   0.11465  -0.0236  1.0000  0.1430  -1.1156   0.0000   0.1672
  -9.500  -0.3211   0.12224   0.11522  -0.0249  1.0000  0.1449  -1.1376   0.0000   0.1643
  -9.400  -0.3262   0.12324   0.11628  -0.0264  1.0000  0.1463  -1.1638   0.0000   0.1614
  -9.300  -0.3312   0.12421   0.11729  -0.0277  1.0000  0.1472  -1.1892   0.0000   0.1589
  -9.200  -0.3350   0.12483   0.11798  -0.0290  1.0000  0.1479  -1.2109   0.0000   0.1564
  -9.100  -0.3385   0.12514   0.11833  -0.0301  1.0000  0.1483  -1.2303   0.0000   0.1543
  -9.000  -0.3417   0.12521   0.11845  -0.0310  1.0000  0.1486  -1.2482   0.0000   0.1525
  -8.900  -0.3449   0.12510   0.11840  -0.0319  1.0000  0.1489  -1.2654   0.0000   0.1510
  -8.800  -0.3466   0.12474   0.11809  -0.0326  1.0000  0.1491  -1.2781   0.0000   0.1497
  -8.700  -0.3483   0.12427   0.11768  -0.0333  1.0000  0.1492  -1.2905   0.0000   0.1484
  -8.600  -0.3162   0.11041   0.10374  -0.0301  1.0000  0.1544  -1.2098   0.0000   0.1477
  -8.500  -0.3019   0.10717   0.10048  -0.0286  1.0000  0.1576  -1.1659   0.0000   0.1477
  -8.400  -0.2940   0.10527   0.09858  -0.0279  1.0000  0.1606  -1.1443   0.0000   0.1472
  -8.300  -0.2889   0.10382   0.09715  -0.0276  1.0000  0.1634  -1.1328   0.0000   0.1464
  -8.200  -0.2854   0.10259   0.09594  -0.0276  1.0000  0.1662  -1.1270   0.0000   0.1455
  -8.100  -0.2831   0.10152   0.09490  -0.0276  1.0000  0.1691  -1.1256   0.0000   0.1446
  -8.000  -0.2820   0.10059   0.09400  -0.0278  1.0000  0.1720  -1.1277   0.0000   0.1437
  -7.900  -0.2820   0.09980   0.09326  -0.0280  1.0000  0.1750  -1.1330   0.0000   0.1430
  -7.800  -0.2835   0.09925   0.09276  -0.0283  1.0000  0.1779  -1.1421   0.0000   0.1426
  -7.700  -0.2873   0.09906   0.09263  -0.0287  1.0000  0.1808  -1.1558   0.0000   0.1430
  -7.600  -0.2942   0.09940   0.09305  -0.0289  1.0000  0.1833  -1.1745   0.0000   0.1448
  -7.500  -0.3043   0.10019   0.09393  -0.0288  1.0000  0.1850  -1.1962   0.0000   0.1491
  -7.400  -0.3161   0.10101   0.09485  -0.0280  1.0000  0.1860  -1.2169   0.0000   0.1555
  -7.300  -0.3279   0.10185   0.09578  -0.0271  1.0000  0.1869  -1.2368   0.0000   0.1617
  -7.200  -0.3393   0.10273   0.09674  -0.0268  1.0000  0.1876  -1.2585   0.0000   0.1658
  -7.100  -0.3501   0.10353   0.09759  -0.0267  1.0000  0.1882  -1.2800   0.0000   0.1690
  -7.000  -0.3599   0.10417   0.09829  -0.0266  1.0000  0.1887  -1.3009   0.0000   0.1715
  -6.900  -0.3687   0.10464   0.09879  -0.0267  1.0000  0.1891  -1.3210   0.0000   0.1734
  -6.800  -0.3752   0.10488   0.09906  -0.0267  1.0000  0.1895  -1.3375   0.0000   0.1748
  -6.700  -0.3801   0.10488   0.09908  -0.0267  1.0000  0.1898  -1.3512   0.0000   0.1759
  -6.600  -0.3842   0.10470   0.09891  -0.0267  1.0000  0.1900  -1.3640   0.0000   0.1769
  -6.500  -0.3869   0.09788   0.09224  -0.0247  1.0000  0.1925  -1.3672   0.0000   0.1823
  -6.400  -0.3661   0.09222   0.08659  -0.0192  1.0000  0.1975  -1.2975   0.0000   0.1932
  -6.300  -0.3564   0.09026   0.08464  -0.0167  1.0000  0.2016  -1.2659   0.0000   0.1987
  -6.200  -0.3548   0.08925   0.08365  -0.0152  1.0000  0.2049  -1.2549   0.0000   0.2030
  -6.100  -0.3567   0.08855   0.08298  -0.0139  1.0000  0.2077  -1.2522   0.0000   0.2068
  -6.000  -0.3602   0.08798   0.08244  -0.0128  1.0000  0.2103  -1.2536   0.0000   0.2103
  -5.900  -0.3644   0.08748   0.08199  -0.0119  1.0000  0.2133  -1.2569   0.0000   0.2133
  -5.800  -0.3694   0.08708   0.08162  -0.0112  1.0000  0.2166  -1.2625   0.0000   0.2159
  -5.700  -0.3751   0.08676   0.08134  -0.0108  1.0000  0.2199  -1.2715   0.0000   0.2175
  -5.600  -0.3814   0.08654   0.08116  -0.0109  1.0000  0.2231  -1.2841   0.0000   0.2180
  -5.500  -0.3882   0.08656   0.08120  -0.0117  1.0000  0.2263  -1.3018   0.0000   0.2166
  -5.400  -0.4005   0.09156   0.08611  -0.0186  1.0000  0.2336  -1.3610   0.0000   0.2007
  -5.200  -0.3951   0.08293   0.07773  -0.0071  1.0000  0.2491  -1.2826   0.0000   0.2290
  -5.100  -0.3934   0.08350   0.07832  -0.0044  1.0000  0.2698  -1.2524   0.0000   0.2357
  -5.000  -0.3993   0.08383   0.07866  -0.0060  1.0000  0.2748  -1.2710   0.0000   0.2321
  -4.800  -0.4076   0.08081   0.07576  -0.0036  1.0000  0.2927  -1.2695   0.0000   0.2384
  -4.700  -0.3990   0.08070   0.07567   0.0025  1.0000  0.3176  -1.2097   0.0000   0.2533
  -4.600  -0.4061   0.08218   0.07715  -0.0004  1.0000  0.3271  -1.2334   0.0000   0.2464
  -4.400  -0.4141   0.07845   0.07353   0.0017  1.0000  0.3419  -1.2352   0.0000   0.2516
  -4.300  -0.4090   0.07688   0.07200   0.0056  1.0000  0.3482  -1.2032   0.0000   0.2611
  -4.200  -0.4068   0.07593   0.07107   0.0073  1.0000  0.3539  -1.1855   0.0000   0.2656
  -4.100  -0.4060   0.07522   0.07037   0.0084  1.0000  0.3607  -1.1721   0.0000   0.2683
  -4.000  -0.4068   0.07489   0.07006   0.0084  1.0000  0.3697  -1.1665   0.0000   0.2683
  -3.900  -0.4158   0.07514   0.07032   0.0054  1.0000  0.3918  -1.1955   0.0000   0.2609
  -3.800  -0.4144   0.07325   0.06847   0.0083  1.0000  0.3954  -1.1664   0.0000   0.2678
  -3.700  -0.4119   0.07191   0.06697   0.0104  1.0000  0.3993  -1.1249   0.0000   0.2732
  -3.600  -0.4095   0.07083   0.06592   0.0125  1.0000  0.4050  -1.1079   0.0000   0.2784
  -3.500  -0.4076   0.07002   0.06513   0.0139  1.0000  0.4124  -1.0946   0.0000   0.2819
  -3.400  -0.4064   0.06962   0.06474   0.0140  1.0000  0.4232  -1.0869   0.0000   0.2824
  -3.300  -0.3031   0.05211   0.04596  -0.0379  1.0000  0.1750  -1.4910   0.0000   0.1219
  -3.100  -0.4082   0.06662   0.06185   0.0196  1.0000  0.4621  -1.0644   0.0000   0.2959
  -3.000  -0.4061   0.06590   0.06115   0.0206  1.0000  0.4712  -1.0620   0.0000   0.2987
  -2.900  -0.3401   0.05783   0.05243  -0.0167  1.0000  0.3422  -1.1968   0.0000   0.1987
  -2.800  -0.3454   0.05738   0.05213  -0.0115  1.0000  0.3522  -1.1751   0.0000   0.2145
  -2.700  -0.2166   0.04040   0.03249  -0.0494  1.0000  0.1370  -1.6370   0.0000   0.0180
  -2.600  -0.2047   0.03919   0.03107  -0.0502  1.0000  0.1366  -1.6506   0.0000   0.0007
  -2.500  -0.1929   0.03809   0.02977  -0.0508  1.0000  0.1370  -1.6642   0.0000  -0.0180
  -2.400  -0.1807   0.03710   0.02856  -0.0515  0.9998  0.1384  -1.6788   0.0000  -0.0397
  -2.300  -0.1574   0.03599   0.02713  -0.0538  0.9964  0.1425  -1.7028   0.0000  -0.0974
  -2.200  -0.1353   0.03553   0.02631  -0.0557  0.9922  0.1488  -1.7305   0.0000  -0.1678
  -2.100  -0.1162   0.03356   0.02443  -0.0579  0.9892  0.1649  -1.7347   0.0000  -0.2556
  -2.000  -0.0980   0.03425   0.02506  -0.0594  0.9842  0.1882  -1.7026   0.0000  -0.3636
  -1.900  -0.0786   0.03256   0.02320  -0.0612  0.9807  0.1979  -1.7149   0.0000  -0.5381
  -1.800  -0.0598   0.03196   0.02259  -0.0627  0.9765  0.2092  -1.6925   0.0000  -0.8108
  -1.700  -0.0379   0.03166   0.02214  -0.0646  0.9726  0.2222  -1.6621   0.0000  -1.4718
  -1.600  -0.0204   0.03152   0.02181  -0.0658  0.9685  0.2325  -1.6309   0.0000  -3.0060
  -1.500  -0.0076   0.03088   0.02126  -0.0664  0.9645  0.2490  -1.5939   0.0000  -8.5332
  -1.400   0.0062   0.03087   0.02130  -0.0672  0.9603  0.2687  -1.5473   0.0000  11.2042
  -1.300   0.0246   0.03064   0.02094  -0.0685  0.9567  0.2871  -1.5058   0.0000   3.0620
  -1.200   0.0438   0.03028   0.02067  -0.0700  0.9534  0.3123  -1.4568   0.0000   1.8584
  -1.100   0.0655   0.02992   0.02043  -0.0718  0.9505  0.3533  -1.4072   0.0000   1.3529
  -1.000   0.0806   0.02940   0.02027  -0.0725  0.9473  0.4209  -1.3690   0.0000   1.1546
  -0.900   0.0875   0.02828   0.02022  -0.0711  0.9441  0.5903  -1.3467   0.0000   1.0684
  -0.800   0.0893   0.02712   0.01994  -0.0679  0.9388  1.0000  -1.3285   0.0000   1.0152
  -0.700   0.1070   0.02747   0.01987  -0.0694  0.9336  1.0000  -1.2704   0.0000   0.9024
  -0.600   0.1274   0.02789   0.02000  -0.0713  0.9286  1.0000  -1.1991   0.0000   0.8125
  -0.500   0.1521   0.02844   0.02029  -0.0739  0.9240  1.0000  -1.1150   0.0000   0.7378
  -0.400   0.1633   0.02874   0.02045  -0.0743  0.9186  1.0000  -1.0642   0.0000   0.7065
  -0.300   0.1706   0.02894   0.02053  -0.0740  0.9124  1.0000  -1.0232   0.0000   0.6853
  -0.200   0.1834   0.02923   0.02070  -0.0747  0.9064  1.0000  -0.9680   0.0000   0.6581
  -0.100   0.2002   0.02958   0.02091  -0.0759  0.9009  1.0000  -0.9028   0.0000   0.6299
   0.000   0.2204   0.03000   0.02119  -0.0777  0.8963  1.0000  -0.8286   0.0000   0.6029
   0.100   0.2433   0.03053   0.02158  -0.0799  0.8924  1.0000  -0.7454   0.0000   0.5785
   0.200   0.2533   0.03090   0.02176  -0.0801  0.8880  1.0000  -0.6663   0.0000   0.5661
   0.300   0.2549   0.03112   0.02192  -0.0791  0.8826  1.0000  -0.6419   0.0000   0.5598
   0.400   0.2623   0.03141   0.02214  -0.0789  0.8772  1.0000  -0.6045   0.0000   0.5503
   0.500   0.2739   0.03174   0.02238  -0.0793  0.8717  1.0000  -0.5814   0.0000   0.5389
   0.600   0.2899   0.03208   0.02264  -0.0804  0.8664  1.0000  -0.5938   0.0000   0.5263
   0.700   0.3109   0.03246   0.02292  -0.0821  0.8615  1.0000  -0.6098   0.0000   0.5129
   0.800   0.3367   0.03293   0.02329  -0.0844  0.8570  1.0000  -0.6293   0.0000   0.4996
   0.900   0.3443   0.03331   0.02361  -0.0842  0.8515  1.0000  -0.6358   0.0000   0.4932
   1.000   0.3432   0.03354   0.02380  -0.0828  0.8445  1.0000  -0.6359   0.0000   0.4896
   1.100   0.3509   0.03382   0.02404  -0.0825  0.8380  1.0000  -0.6437   0.0000   0.4836
   1.200   0.3640   0.03412   0.02427  -0.0830  0.8320  1.0000  -0.6559   0.0000   0.4764
   1.300   0.3813   0.03442   0.02452  -0.0841  0.8269  1.0000  -0.6715   0.0000   0.4687
   1.400   0.4010   0.03476   0.02479  -0.0855  0.8225  1.0000  -0.6891   0.0000   0.4612
   1.500   0.4240   0.03515   0.02513  -0.0873  0.8189  1.0000  -0.7094   0.0000   0.4537
   1.600   0.4472   0.03566   0.02558  -0.0891  0.8154  1.0000  -0.7298   0.0000   0.4471
   1.700   0.4318   0.03607   0.02598  -0.0860  0.8082  1.0000  -0.7189   0.0000   0.4469
   1.800   0.4331   0.03644   0.02633  -0.0850  0.8018  1.0000  -0.7215   0.0000   0.4439
   1.900   0.4414   0.03678   0.02663  -0.0849  0.7955  1.0000  -0.7300   0.0000   0.4398
   2.000   0.4554   0.03705   0.02687  -0.0854  0.7897  1.0000  -0.7433   0.0000   0.4349
   2.100   0.4740   0.03725   0.02704  -0.0864  0.7843  1.0000  -0.7607   0.0000   0.4295
   2.200   0.4983   0.03739   0.02715  -0.0879  0.7797  1.0000  -0.7831   0.0000   0.4236
   2.300   0.5284   0.03754   0.02727  -0.0901  0.7758  1.0000  -0.8107   0.0000   0.4177
   2.400   0.5271   0.03813   0.02784  -0.0888  0.7694  1.0000  -0.8113   0.0000   0.4156
   2.500   0.5177   0.03872   0.02841  -0.0867  0.7615  1.0000  -0.8051   0.0000   0.4145
   2.600   0.5220   0.03914   0.02881  -0.0862  0.7549  1.0000  -0.8116   0.0000   0.4119
   2.700   0.5316   0.03949   0.02915  -0.0862  0.7493  1.0000  -0.8232   0.0000   0.4088
   2.800   0.5452   0.03977   0.02942  -0.0865  0.7443  1.0000  -0.8385   0.0000   0.4054
   2.900   0.5629   0.03996   0.02960  -0.0873  0.7399  1.0000  -0.8580   0.0000   0.4016
   3.000   0.5857   0.04003   0.02967  -0.0885  0.7360  1.0000  -0.8826   0.0000   0.3975
   3.100   0.6140   0.04000   0.02965  -0.0901  0.7326  1.0000  -0.9130   0.0000   0.3932
   3.200   0.6300   0.04037   0.03000  -0.0904  0.7283  1.0000  -0.9316   0.0000   0.3898
   3.300   0.6039   0.04164   0.03126  -0.0873  0.7188  1.0000  -0.9069   0.0000   0.3907
   3.400   0.6033   0.04223   0.03184  -0.0863  0.7113  1.0000  -0.9082   0.0000   0.3892
   3.500   0.6118   0.04253   0.03214  -0.0861  0.7046  1.0000  -0.9190   0.0000   0.3866
   3.600   0.6274   0.04259   0.03221  -0.0863  0.6987  1.0000  -0.9373   0.0000   0.3834
   3.700   0.6491   0.04243   0.03218  -0.0870  0.6938  1.0000  -0.9627   0.0000   0.3798
   3.800   0.6761   0.04210   0.03185  -0.0881  0.6900  1.0000  -0.9971   0.0000   0.3760
   3.900   0.7007   0.04182   0.03157  -0.0887  0.6867  1.0000  -1.0295   0.0000   0.3722
   4.000   0.7225   0.04176   0.03152  -0.0890  0.6838  1.0000  -1.0592   0.0000   0.3687
   4.100   0.6862   0.04423   0.03397  -0.0864  0.6726  1.0000  -1.0180   0.0000   0.3713
   4.200   0.6816   0.04520   0.03493  -0.0854  0.6655  1.0000  -1.0151   0.0000   0.3706
   4.300   0.6867   0.04575   0.03549  -0.0850  0.6593  1.0000  -1.0238   0.0000   0.3690
   4.400   0.6987   0.04596   0.03571  -0.0850  0.6538  1.0000  -1.0410   0.0000   0.3667
   4.500   0.7174   0.04582   0.03558  -0.0852  0.6489  1.0000  -1.0665   0.0000   0.3638
   4.600   0.7430   0.04529   0.03508  -0.0858  0.6449  1.0000  -1.1011   0.0000   0.3604
   4.700   0.7701   0.04456   0.03436  -0.0861  0.6414  1.0000  -1.1385   0.0000   0.3567
   4.800   0.7948   0.04389   0.03371  -0.0861  0.6382  1.0000  -1.1765   0.0000   0.3530
   4.900   0.7786   0.04602   0.03583  -0.0850  0.6292  1.0000  -1.1574   0.0000   0.3539
   5.000   0.7578   0.04803   0.03784  -0.0836  0.6193  1.0000  -1.1325   0.0000   0.3548
   5.100   0.7610   0.04865   0.03846  -0.0830  0.6121  1.0000  -1.1412   0.0000   0.3535
   5.200   0.7732   0.04874   0.03857  -0.0828  0.6064  1.0000  -1.1628   0.0000   0.3514
   5.300   0.7912   0.04850   0.03836  -0.0828  0.6018  1.0000  -1.1927   0.0000   0.3489
   5.400   0.8139   0.04797   0.03787  -0.0830  0.5981  1.0000  -1.2295   0.0000   0.3460
   5.500   0.8376   0.04728   0.03722  -0.0829  0.5950  1.0000  -1.2686   0.0000   0.3430
   5.600   0.8600   0.04660   0.03656  -0.0827  0.5921  1.0000  -1.3067   0.0000   0.3400
   5.700   0.8839   0.04587   0.03586  -0.0824  0.5892  1.0000  -1.3503   0.0000   0.3370
   5.800   0.8406   0.05057   0.04054  -0.0815  0.5780  1.0000  -1.2832   0.0000   0.3407
   5.900   0.8224   0.05291   0.04287  -0.0807  0.5695  1.0000  -1.2585   0.0000   0.3418
   6.000   0.8246   0.05371   0.04369  -0.0803  0.5629  1.0000  -1.2651   0.0000   0.3409
   6.100   0.8380   0.05363   0.04364  -0.0799  0.5571  1.0000  -1.2941   0.0000   0.3388
   6.200   0.8620   0.05265   0.04271  -0.0796  0.5523  1.0000  -1.3422   0.0000   0.3356
   6.300   0.8955   0.05079   0.04091  -0.0793  0.5486  1.0000  -1.4078   0.0000   0.3317
   6.400   0.9251   0.04908   0.03925  -0.0786  0.5452  1.0000  -1.4731   0.0000   0.3280
   6.500   0.9543   0.04753   0.03775  -0.0781  0.5421  1.0000  -1.5428   0.0000   0.3248
   6.600   0.9805   0.04663   0.03687  -0.0778  0.5389  1.0000  -1.6064   0.0000   0.3221
   6.700   0.8916   0.05587   0.04604  -0.0774  0.5246  1.0000  -1.4282   0.0000   0.3295
   6.800   0.8808   0.05803   0.04820  -0.0772  0.5178  1.0000  -1.4128   0.0000   0.3302
   6.900   0.8835   0.05898   0.04918  -0.0769  0.5122  1.0000  -1.4254   0.0000   0.3296
   7.000   0.8949   0.05913   0.04938  -0.0766  0.5074  1.0000  -1.4568   0.0000   0.3279
   7.100   0.9170   0.05823   0.04854  -0.0760  0.5032  1.0000  -1.5117   0.0000   0.3251
   7.200   0.9520   0.05586   0.04625  -0.0751  0.4997  1.0000  -1.5961   0.0000   0.3210
   7.300   0.9949   0.05264   0.04312  -0.0741  0.4962  1.0000  -1.6993   0.0000   0.3165
   7.400   1.0415   0.04927   0.04028  -0.0733  0.4921  1.0000  -1.8584   0.0000   0.3122
   7.500   1.0179   0.05295   0.04396  -0.0728  0.4855  1.0000  -1.8075   0.0000   0.3132
   7.600   0.9345   0.06289   0.05332  -0.0740  0.4764  1.0000  -1.5874   0.0000   0.3209
   7.700   0.9205   0.06550   0.05593  -0.0741  0.4696  1.0000  -1.5623   0.0000   0.3221
   7.800   0.9242   0.06624   0.05670  -0.0738  0.4634  1.0000  -1.5779   0.0000   0.3213
   7.900   0.9426   0.06543   0.05595  -0.0729  0.4579  1.0000  -1.6277   0.0000   0.3187
   8.000   0.9762   0.06300   0.05408  -0.0715  0.4534  1.0000  -1.7542   0.0000   0.3144
   8.100   1.0126   0.06000   0.05120  -0.0699  0.4502  1.0000  -1.8719   0.0000   0.3100
   8.200   1.0763   0.05463   0.04598  -0.0688  0.4465  1.0000  -2.0611   0.0000   0.3047
   8.300   1.1232   0.05167   0.04304  -0.0683  0.4407  1.0000  -2.2040   0.0000   0.3014
   8.400   1.0577   0.05932   0.05068  -0.0677  0.4368  1.0000  -2.0350   0.0000   0.3046
   8.500   0.9660   0.07173   0.06290  -0.0712  0.4308  1.0000  -1.7766   0.0000   0.3143
   8.600   0.9437   0.07572   0.06686  -0.0722  0.4259  1.0000  -1.7182   0.0000   0.3170
   8.700   0.9339   0.07820   0.06934  -0.0726  0.4211  1.0000  -1.6970   0.0000   0.3182
   8.800   0.9334   0.07956   0.07072  -0.0725  0.4159  1.0000  -1.7053   0.0000   0.3180
   8.900   0.9484   0.07903   0.07027  -0.0716  0.4099  1.0000  -1.7615   0.0000   0.3157
   9.000   1.0308   0.06948   0.06097  -0.0666  0.4022  1.0000  -2.0282   0.0000   0.3045
   9.100   1.1808   0.05451   0.04623  -0.0632  0.3924  1.0000  -2.4793   0.0000   0.2930
   9.200   1.1379   0.05967   0.05142  -0.0622  0.3905  1.0000  -2.3711   0.0000   0.2941
   9.300   1.0415   0.07250   0.06408  -0.0650  0.3883  1.0000  -2.0941   0.0000   0.3019
   9.400   0.9887   0.08125   0.07271  -0.0686  0.3843  1.0000  -1.9338   0.0000   0.3088
   9.500   0.9666   0.08561   0.07704  -0.0701  0.3807  1.0000  -1.8704   0.0000   0.3119
   9.600   0.9535   0.08883   0.08025  -0.0711  0.3772  1.0000  -1.8344   0.0000   0.3139
   9.700   0.9456   0.09139   0.08283  -0.0718  0.3736  1.0000  -1.8146   0.0000   0.3152
   9.800   0.9418   0.09346   0.08491  -0.0722  0.3701  1.0000  -1.8075   0.0000   0.3158
   9.900   0.9422   0.09502   0.08650  -0.0724  0.3665  1.0000  -1.8136   0.0000   0.3159
  10.000   0.9506   0.09552   0.08706  -0.0719  0.3621  1.0000  -1.8466   0.0000   0.3145
  10.100   1.1209   0.07169   0.06369  -0.0578  0.3445  1.0000  -2.4656   0.0000   0.2897
  10.200   1.0580   0.08305   0.07493  -0.0624  0.3444  1.0000  -2.2320   0.0000   0.2972
  10.300   1.0178   0.09100   0.08280  -0.0660  0.3428  1.0000  -2.0983   0.0000   0.3031
  10.400   0.9921   0.09633   0.08808  -0.0684  0.3404  1.0000  -2.0142   0.0000   0.3072
  10.500   0.9737   0.10043   0.09215  -0.0702  0.3376  1.0000  -1.9549   0.0000   0.3103
  10.600   0.9596   0.10378   0.09548  -0.0715  0.3344  1.0000  -1.9107   0.0000   0.3127
  10.700   0.9492   0.10651   0.09822  -0.0725  0.3308  1.0000  -1.8796   0.0000   0.3145
  10.800   0.9445   0.10853   0.10025  -0.0731  0.3266  1.0000  -1.8674   0.0000   0.3153
  10.900   0.9453   0.10994   0.10168  -0.0732  0.3222  1.0000  -1.8734   0.0000   0.3153
  11.000   0.9513   0.11083   0.10263  -0.0729  0.3180  1.0000  -1.8960   0.0000   0.3144
  11.100   1.0685   0.09489   0.08706  -0.0605  0.3019  1.0000  -2.4238   0.0000   0.2936
  11.200   1.0387   0.10194   0.09405  -0.0639  0.3010  1.0000  -2.2669   0.0000   0.2986
  11.300   1.0168   0.10730   0.09937  -0.0665  0.3000  1.0000  -2.1555   0.0000   0.3025
  11.400   0.9995   0.11176   0.10380  -0.0687  0.2988  1.0000  -2.0790   0.0000   0.3057
  11.500   0.9853   0.11567   0.10770  -0.0706  0.2974  1.0000  -2.0251   0.0000   0.3086
  11.600   0.9731   0.11924   0.11125  -0.0723  0.2961  1.0000  -1.9779   0.0000   0.3112
  11.700   0.9617   0.12259   0.11459  -0.0739  0.2948  1.0000  -1.9337   0.0000   0.3137
  11.800   0.9521   0.12562   0.11762  -0.0753  0.2932  1.0000  -1.8955   0.0000   0.3160
  11.900   0.9440   0.12836   0.12036  -0.0767  0.2912  1.0000  -1.8628   0.0000   0.3180
  12.000   0.9376   0.13079   0.12279  -0.0778  0.2886  1.0000  -1.8364   0.0000   0.3197
  12.100   0.9333   0.13279   0.12481  -0.0786  0.2851  1.0000  -1.8185   0.0000   0.3208
  12.200   0.9369   0.13345   0.12550  -0.0784  0.2780  1.0000  -1.8333   0.0000   0.3201
  12.300   1.0042   0.12470   0.11696  -0.0692  0.2568  1.0000  -2.2598   0.0000   0.3047
  12.400   0.9931   0.12851   0.12077  -0.0712  0.2559  1.0000  -2.1978   0.0000   0.3074
  12.500   0.9840   0.13201   0.12426  -0.0730  0.2549  1.0000  -2.1469   0.0000   0.3099
  12.600   0.9755   0.13535   0.12760  -0.0747  0.2542  1.0000  -2.0994   0.0000   0.3122
  12.700   0.9683   0.13849   0.13073  -0.0762  0.2537  1.0000  -2.0599   0.0000   0.3143
  12.800   0.9626   0.14146   0.13371  -0.0776  0.2533  1.0000  -2.0278   0.0000   0.3162
  12.900   0.9581   0.14431   0.13657  -0.0789  0.2530  1.0000  -2.0017   0.0000   0.3178
  13.000   0.9547   0.14709   0.13936  -0.0801  0.2530  1.0000  -1.9812   0.0000   0.3193
  13.100   0.9524   0.14984   0.14212  -0.0812  0.2532  1.0000  -1.9663   0.0000   0.3206
  13.200   0.9515   0.15260   0.14491  -0.0822  0.2538  1.0000  -1.9579   0.0000   0.3217
  13.300   0.9519   0.15542   0.14775  -0.0830  0.2546  1.0000  -1.9558   0.0000   0.3224
  13.400   0.9519   0.15818   0.15053  -0.0839  0.2551  1.0000  -1.9519   0.0000   0.3233
  13.500   0.9511   0.16083   0.15319  -0.0849  0.2554  1.0000  -1.9441   0.0000   0.3243
  13.600   0.9493   0.16331   0.15569  -0.0860  0.2553  1.0000  -1.9320   0.0000   0.3255
  13.700   0.9468   0.16560   0.15798  -0.0871  0.2551  1.0000  -1.9167   0.0000   0.3268
  13.800   0.9440   0.16766   0.16005  -0.0882  0.2547  1.0000  -1.9000   0.0000   0.3282
  13.900   0.9411   0.16955   0.16195  -0.0893  0.2543  1.0000  -1.8841   0.0000   0.3295
  14.000   0.9390   0.17144   0.16385  -0.0903  0.2540  1.0000  -1.8717   0.0000   0.3307
  14.100   0.9402   0.17392   0.16635  -0.0910  0.2545  1.0000  -1.8737   0.0000   0.3313
  14.200   0.9697   0.16783   0.16032  -0.0848  0.2158  1.0000  -2.1420   0.0000   0.3213
  14.300   0.9719   0.17074   0.16327  -0.0854  0.2165  1.0000  -2.1476   0.0000   0.3217
  14.400   0.9771   0.17413   0.16669  -0.0857  0.2175  1.0000  -2.1686   0.0000   0.3214
  14.500   0.9139   0.18535   0.17779  -0.0998  0.2947  1.0000  -1.6687   0.0000   0.3435
  14.600   0.9089   0.18509   0.17752  -0.1007  0.2896  1.0000  -1.6507   0.0000   0.3450
  14.700   0.9087   0.18608   0.17852  -0.1014  0.2854  1.0000  -1.6532   0.0000   0.3456
  14.800   0.9104   0.18742   0.17989  -0.1018  0.2816  1.0000  -1.6642   0.0000   0.3457
  14.900   0.9136   0.18897   0.18146  -0.1021  0.2780  1.0000  -1.6819   0.0000   0.3456
  15.000   0.9182   0.19071   0.18322  -0.1023  0.2746  1.0000  -1.7067   0.0000   0.3450
  15.100   0.9247   0.19273   0.18528  -0.1023  0.2714  1.0000  -1.7402   0.0000   0.3441
  15.200   0.9336   0.19530   0.18789  -0.1021  0.2685  1.0000  -1.7848   0.0000   0.3427
  15.300   0.9462   0.19893   0.19159  -0.1016  0.2659  1.0000  -1.8447   0.0000   0.3406
  15.400   0.9652   0.20511   0.19785  -0.1010  0.2634  1.0000  -1.9297   0.0000   0.3377
  15.500   0.9925   0.21795   0.21082  -0.0999  0.2609  1.0000  -2.0451   0.0000   0.3337
  15.600   0.9972   0.22532   0.21817  -0.1006  0.2600  1.0000  -2.0585   0.0000   0.3338
  15.700   0.9951   0.22645   0.21930  -0.1016  0.2598  1.0000  -2.0469   0.0000   0.3349
  15.800   0.9925   0.22731   0.22016  -0.1026  0.2596  1.0000  -2.0338   0.0000   0.3361
  15.900   0.9893   0.22777   0.22061  -0.1036  0.2594  1.0000  -2.0179   0.0000   0.3373
  16.000   0.9843   0.22751   0.22034  -0.1048  0.2590  1.0000  -1.9949   0.0000   0.3389
  16.100   0.9771   0.22633   0.21913  -0.1060  0.2584  1.0000  -1.9640   0.0000   0.3407
  16.200   0.9667   0.22398   0.21676  -0.1071  0.2576  1.0000  -1.9225   0.0000   0.3429
  16.300   0.9546   0.22091   0.21365  -0.1085  0.2559  1.0000  -1.8723   0.0000   0.3456
  16.400   0.9448   0.21863   0.21134  -0.1101  0.2523  1.0000  -1.8291   0.0000   0.3483
  16.500   0.9417   0.21875   0.21146  -0.1112  0.2479  1.0000  -1.8157   0.0000   0.3496
  16.600   0.9420   0.21980   0.21253  -0.1118  0.2434  1.0000  -1.8190   0.0000   0.3501
  16.700   0.9446   0.22117   0.21391  -0.1122  0.2385  1.0000  -1.8348   0.0000   0.3500
  16.800   0.9508   0.22276   0.21554  -0.1119  0.2327  1.0000  -1.8726   0.0000   0.3488
  17.000   1.0170   0.24885   0.24189  -0.1065  0.2196  1.0000  -2.1808   0.0000   0.3356
  17.100   1.0145   0.24983   0.24286  -0.1076  0.2194  1.0000  -2.1623   0.0000   0.3368
  17.200   1.0116   0.25051   0.24354  -0.1087  0.2192  1.0000  -2.1420   0.0000   0.3381
  17.300   1.0075   0.25069   0.24372  -0.1099  0.2189  1.0000  -2.1174   0.0000   0.3395
  17.400   1.0018   0.25023   0.24324  -0.1111  0.2185  1.0000  -2.0875   0.0000   0.3412
  17.500   0.9937   0.24889   0.24188  -0.1123  0.2179  1.0000  -2.0504   0.0000   0.3432
  17.600   0.9844   0.24699   0.23996  -0.1137  0.2170  1.0000  -2.0076   0.0000   0.3455
  17.700   0.9744   0.24477   0.23772  -0.1154  0.2152  1.0000  -1.9598   0.0000   0.3482
  17.800   0.9676   0.24381   0.23674  -0.1170  0.2117  1.0000  -1.9233   0.0000   0.3505
  17.900   0.9657   0.24463   0.23756  -0.1180  0.2079  1.0000  -1.9090   0.0000   0.3516
  18.000   0.9660   0.24612   0.23907  -0.1187  0.2044  1.0000  -1.9056   0.0000   0.3522
  18.100   0.9673   0.24786   0.24083  -0.1193  0.2013  1.0000  -1.9077   0.0000   0.3524
  18.200   0.9694   0.24972   0.24271  -0.1197  0.1984  1.0000  -1.9138   0.0000   0.3524
  18.300   0.9720   0.25168   0.24470  -0.1199  0.1959  1.0000  -1.9232   0.0000   0.3522
  18.400   0.9753   0.25376   0.24680  -0.1201  0.1935  1.0000  -1.9360   0.0000   0.3518
  18.500   0.9794   0.25600   0.24908  -0.1202  0.1914  1.0000  -1.9527   0.0000   0.3511
  18.600   0.9846   0.25855   0.25166  -0.1201  0.1894  1.0000  -1.9743   0.0000   0.3502
  18.700   0.9949   0.26264   0.25608  -0.1193  0.1868  1.0000  -1.9860   0.0000   0.3480
  18.800   1.0092   0.26876   0.26228  -0.1184  0.1849  1.0000  -2.0353   0.0000   0.3453
  18.900   1.0423   0.29023   0.28384  -0.1167  0.1820  1.0000  -2.1329   0.0000   0.3400
  19.000   1.0396   0.29112   0.28474  -0.1177  0.1819  1.0000  -2.1085   0.0000   0.3411
  19.100   1.0364   0.29175   0.28536  -0.1188  0.1817  1.0000  -2.0824   0.0000   0.3423
  19.200   1.0319   0.29187   0.28549  -0.1199  0.1815  1.0000  -2.0523   0.0000   0.3437
  19.300   1.0255   0.29137   0.28497  -0.1209  0.1812  1.0000  -2.0179   0.0000   0.3453
  19.400   1.0179   0.29040   0.28400  -0.1220  0.1808  1.0000  -1.9801   0.0000   0.3471
  19.500   1.0095   0.28912   0.28271  -0.1231  0.1803  1.0000  -1.9394   0.0000   0.3490
  19.600   1.0005   0.28758   0.28116  -0.1244  0.1795  1.0000  -1.8955   0.0000   0.3512
  19.700   0.9916   0.28616   0.27972  -0.1257  0.1780  1.0000  -1.8504   0.0000   0.3535
  19.800   0.9853   0.28583   0.27939  -0.1270  0.1756  1.0000  -1.8122   0.0000   0.3555
  19.900   0.9822   0.28679   0.28036  -0.1279  0.1727  1.0000  -1.7851   0.0000   0.3567
  20.000   0.9807   0.28824   0.28183  -0.1286  0.1692  1.0000  -1.7647   0.0000   0.3574


