QBlade v0.963 64bit

 Calculated polar for: SD7034

 1 1 Reynolds number fixed          Mach number fixed         

 xtrf =   1.000 (top)        1.000 (bottom)
 Mach =   0.000     Re =     0.100 e 6     Ncrit =   9.000

  alpha     CL        CD       CDp       Cm    Top Xtr Bot Xtr   Cpmin    Chinge    XCp    
 ------- -------- --------- --------- -------- ------- ------- -------- --------- ---------
 -10.000  -0.3240   0.11812   0.11298  -0.0231  1.0000  0.0608  -1.2373   0.0000   0.1698
  -9.900  -0.3207   0.11682   0.11169  -0.0234  1.0000  0.0614  -1.2291   0.0000   0.1680
  -9.800  -0.3175   0.11553   0.11043  -0.0238  1.0000  0.0620  -1.2224   0.0000   0.1661
  -9.700  -0.3145   0.11427   0.10917  -0.0242  1.0000  0.0626  -1.2171   0.0000   0.1641
  -9.600  -0.3116   0.11302   0.10794  -0.0246  1.0000  0.0633  -1.2130   0.0000   0.1621
  -9.500  -0.3089   0.11177   0.10671  -0.0251  1.0000  0.0639  -1.2100   0.0000   0.1599
  -9.400  -0.3063   0.11054   0.10549  -0.0256  1.0000  0.0646  -1.2080   0.0000   0.1576
  -9.300  -0.3037   0.10931   0.10428  -0.0261  1.0000  0.0653  -1.2069   0.0000   0.1553
  -9.200  -0.3013   0.10809   0.10308  -0.0266  1.0000  0.0660  -1.2067   0.0000   0.1529
  -9.100  -0.2990   0.10687   0.10188  -0.0271  1.0000  0.0667  -1.2074   0.0000   0.1505
  -9.000  -0.2968   0.10567   0.10070  -0.0277  1.0000  0.0674  -1.2089   0.0000   0.1480
  -8.900  -0.2948   0.10447   0.09952  -0.0283  1.0000  0.0682  -1.2112   0.0000   0.1454
  -8.800  -0.2929   0.10329   0.09836  -0.0289  1.0000  0.0690  -1.2144   0.0000   0.1428
  -8.700  -0.2911   0.10212   0.09721  -0.0295  1.0000  0.0698  -1.2186   0.0000   0.1402
  -8.600  -0.2895   0.10097   0.09609  -0.0301  1.0000  0.0706  -1.2238   0.0000   0.1375
  -8.500  -0.2881   0.09984   0.09498  -0.0308  1.0000  0.0715  -1.2303   0.0000   0.1348
  -8.400  -0.2869   0.09874   0.09391  -0.0315  1.0000  0.0724  -1.2382   0.0000   0.1319
  -8.300  -0.2860   0.09768   0.09288  -0.0323  1.0000  0.0734  -1.2479   0.0000   0.1290
  -8.200  -0.2855   0.09669   0.09193  -0.0331  1.0000  0.0744  -1.2600   0.0000   0.1259
  -8.100  -0.2858   0.09583   0.09110  -0.0341  1.0000  0.0754  -1.2757   0.0000   0.1229
  -8.000  -0.2870   0.09518   0.09049  -0.0351  1.0000  0.0765  -1.2956   0.0000   0.1201
  -7.900  -0.2898   0.09484   0.09020  -0.0361  1.0000  0.0776  -1.3199   0.0000   0.1181
  -7.800  -0.2946   0.09479   0.09021  -0.0366  1.0000  0.0784  -1.3443   0.0000   0.1185
  -7.700  -0.3018   0.09481   0.09030  -0.0362  1.0000  0.0788  -1.3648   0.0000   0.1231
  -7.600  -0.3106   0.09486   0.09040  -0.0350  1.0000  0.0790  -1.3817   0.0000   0.1307
  -7.500  -0.3204   0.09491   0.09051  -0.0334  1.0000  0.0790  -1.3965   0.0000   0.1395
  -7.400  -0.3305   0.09496   0.09061  -0.0317  1.0000  0.0791  -1.4105   0.0000   0.1483
  -7.300  -0.3404   0.09496   0.09067  -0.0301  1.0000  0.0791  -1.4249   0.0000   0.1560
  -7.200  -0.3491   0.09490   0.09065  -0.0291  1.0000  0.0793  -1.4400   0.0000   0.1615
  -7.100  -0.3567   0.09479   0.09058  -0.0283  1.0000  0.0794  -1.4546   0.0000   0.1656
  -7.000  -0.3636   0.09460   0.09042  -0.0277  1.0000  0.0796  -1.4694   0.0000   0.1688
  -6.900  -0.3698   0.09432   0.09017  -0.0274  1.0000  0.0798  -1.4842   0.0000   0.1712
  -6.800  -0.3752   0.09394   0.08981  -0.0273  1.0000  0.0799  -1.4989   0.0000   0.1728
  -6.700  -0.3800   0.09345   0.08935  -0.0273  1.0000  0.0801  -1.5136   0.0000   0.1739
  -6.600  -0.3841   0.09287   0.08878  -0.0274  1.0000  0.0802  -1.5281   0.0000   0.1745
  -6.500  -0.3751   0.09113   0.08701  -0.0312  0.9975  0.0805  -1.5445   0.0000   0.1625
  -6.400  -0.3626   0.08887   0.08471  -0.0357  0.9941  0.0807  -1.5598   0.0000   0.1471
  -6.300  -0.3505   0.08655   0.08233  -0.0398  0.9908  0.0808  -1.5740   0.0000   0.1321
  -6.200  -0.3378   0.08411   0.07983  -0.0437  0.9879  0.0809  -1.5871   0.0000   0.1162
  -6.100  -0.3272   0.08184   0.07751  -0.0468  0.9848  0.0810  -1.5990   0.0000   0.1024
  -6.000  -0.3272   0.07663   0.07233  -0.0501  0.9814  0.0820  -1.6641   0.0000   0.0921
  -5.900  -0.3259   0.07211   0.06782  -0.0522  0.9787  0.0834  -1.6908   0.0000   0.0852
  -5.800  -0.3176   0.06947   0.06518  -0.0539  0.9762  0.0843  -1.6832   0.0000   0.0755
  -5.700  -0.3068   0.06732   0.06303  -0.0554  0.9741  0.0851  -1.6652   0.0000   0.0645
  -5.600  -0.2946   0.06517   0.06086  -0.0575  0.9722  0.0859  -1.6513   0.0000   0.0499
  -5.500  -0.2846   0.06321   0.05887  -0.0593  0.9694  0.0864  -1.6464   0.0000   0.0365
  -5.400  -0.2776   0.06143   0.05705  -0.0607  0.9652  0.0868  -1.6522   0.0000   0.0263
  -5.300  -0.2669   0.05880   0.05429  -0.0641  0.9612  0.0863  -1.6926   0.0000   0.0047
  -5.200  -0.2538   0.05011   0.04519  -0.0687  0.9585  0.0486  -2.0602   0.0000  -0.0269
  -5.100  -0.2407   0.04720   0.04210  -0.0715  0.9557  0.0480  -2.1087   0.0000  -0.0537
  -5.000  -0.2259   0.04436   0.03904  -0.0743  0.9534  0.0480  -2.1565   0.0000  -0.0862
  -4.900  -0.2096   0.04176   0.03619  -0.0770  0.9515  0.0486  -2.1954   0.0000  -0.1253
  -4.800  -0.1917   0.03960   0.03376  -0.0795  0.9497  0.0500  -2.2146   0.0000  -0.1733
  -4.700  -0.1849   0.03853   0.03253  -0.0794  0.9452  0.0509  -2.2163   0.0000  -0.1881
  -4.600  -0.1747   0.03763   0.03146  -0.0797  0.9408  0.0522  -2.2002   0.0000  -0.2153
  -4.500  -0.1601   0.03730   0.03095  -0.0804  0.9369  0.0536  -2.1504   0.0000  -0.2621
  -4.400  -0.1476   0.03459   0.02792  -0.0822  0.9340  0.0559  -2.1636   0.0000  -0.3177
  -4.300  -0.1347   0.03398   0.02754  -0.0839  0.9312  0.0630  -2.0176   0.0000  -0.3834
  -4.200  -0.1164   0.03521   0.02895  -0.0851  0.9285  0.0730  -1.8367   0.0000  -0.4934
  -4.100  -0.0974   0.03429   0.02784  -0.0869  0.9265  0.0753  -1.7641   0.0000  -0.6563
  -4.000  -0.0784   0.03286   0.02603  -0.0887  0.9249  0.0757  -1.7476   0.0000  -0.8993
  -3.900  -0.0567   0.03289   0.02590  -0.0903  0.9233  0.0796  -1.7011   0.0000  -1.3656
  -3.800  -0.0481   0.03199   0.02484  -0.0902  0.9196  0.0797  -1.7016   0.0000  -1.6511
  -3.700  -0.0447   0.03117   0.02391  -0.0890  0.9142  0.0796  -1.7085   0.0000  -1.7692
  -3.600  -0.0339   0.03015   0.02271  -0.0892  0.9105  0.0797  -1.7124   0.0000  -2.4211
  -3.500  -0.0202   0.02922   0.02160  -0.0897  0.9074  0.0802  -1.7126   0.0000  -4.2573
  -3.300   0.0105   0.02585   0.01775  -0.0915  0.9030  0.0844  -1.7684   0.0000   9.1028
  -3.200   0.0260   0.02468   0.01657  -0.0924  0.9007  0.0917  -1.7765   0.0000   3.8509
  -3.100   0.0430   0.02428   0.01615  -0.0932  0.8983  0.1053  -1.7856   0.0000   2.4453
  -3.000   0.0604   0.02351   0.01524  -0.0941  0.8962  0.1175  -1.7841   0.0000   1.8273
  -2.900   0.0769   0.02326   0.01514  -0.0953  0.8940  0.1336  -1.7173   0.0000   1.5037
  -2.800   0.0950   0.02291   0.01471  -0.0962  0.8920  0.1431  -1.6781   0.0000   1.2739
  -2.700   0.1052   0.02277   0.01447  -0.0959  0.8881  0.1476  -1.6474   0.0000   1.1709
  -2.600   0.1100   0.02246   0.01412  -0.0948  0.8823  0.1512  -1.6279   0.0000   1.1204
  -2.500   0.1197   0.02174   0.01343  -0.0945  0.8779  0.1594  -1.5993   0.0000   1.0475
  -2.400   0.1315   0.02144   0.01316  -0.0946  0.8740  0.1672  -1.5530   0.0000   0.9760
  -2.300   0.1444   0.02120   0.01293  -0.0947  0.8705  0.1759  -1.5039   0.0000   0.9121
  -2.200   0.1581   0.02103   0.01272  -0.0950  0.8675  0.1860  -1.4521   0.0000   0.8563
  -2.100   0.1714   0.02057   0.01235  -0.0953  0.8648  0.2028  -1.4034   0.0000   0.8104
  -2.000   0.1854   0.02030   0.01216  -0.0956  0.8623  0.2228  -1.3484   0.0000   0.7699
  -1.900   0.1992   0.01987   0.01185  -0.0959  0.8600  0.2509  -1.3004   0.0000   0.7347
  -1.800   0.2125   0.01939   0.01163  -0.0960  0.8579  0.3012  -1.2529   0.0000   0.7049
  -1.700   0.2241   0.01879   0.01157  -0.0959  0.8558  0.4126  -1.2064   0.0000   0.6808
  -1.600   0.2281   0.01848   0.01172  -0.0947  0.8513  0.5213  -1.1735   0.0000   0.6675
  -1.500   0.2314   0.01828   0.01185  -0.0930  0.8459  0.6149  -1.1405   0.0000   0.6545
  -1.400   0.2359   0.01806   0.01193  -0.0912  0.8412  0.7063  -1.1028   0.0000   0.6388
  -1.300   0.2422   0.01781   0.01195  -0.0893  0.8371  0.8004  -1.0600   0.0000   0.6208
  -1.200   0.2827   0.01730   0.01153  -0.0938  0.8355  1.0000  -0.9330   0.0000   0.5830
  -1.100   0.2946   0.01729   0.01141  -0.0937  0.8314  1.0000  -0.8789   0.0000   0.5694
  -1.000   0.3072   0.01727   0.01128  -0.0938  0.8278  1.0000  -0.8227   0.0000   0.5562
  -0.900   0.3200   0.01725   0.01115  -0.0938  0.8246  1.0000  -0.7649   0.0000   0.5438
  -0.800   0.3329   0.01723   0.01096  -0.0938  0.8218  1.0000  -0.6827   0.0000   0.5323
  -0.700   0.3455   0.01725   0.01089  -0.0937  0.8191  1.0000  -0.6330   0.0000   0.5216
  -0.600   0.3579   0.01734   0.01089  -0.0937  0.8165  1.0000  -0.6432   0.0000   0.5119
  -0.500   0.3650   0.01753   0.01102  -0.0933  0.8118  1.0000  -0.6497   0.0000   0.5056
  -0.400   0.3722   0.01769   0.01113  -0.0929  0.8064  1.0000  -0.6571   0.0000   0.4994
  -0.300   0.3810   0.01780   0.01118  -0.0925  0.8013  1.0000  -0.6658   0.0000   0.4927
  -0.200   0.3909   0.01785   0.01118  -0.0923  0.7966  1.0000  -0.6756   0.0000   0.4856
  -0.100   0.4018   0.01786   0.01112  -0.0920  0.7923  1.0000  -0.6861   0.0000   0.4785
   0.000   0.4132   0.01783   0.01102  -0.0918  0.7885  1.0000  -0.6973   0.0000   0.4715
   0.100   0.4250   0.01778   0.01090  -0.0915  0.7850  1.0000  -0.7089   0.0000   0.4646
   0.200   0.4371   0.01772   0.01077  -0.0913  0.7818  1.0000  -0.7207   0.0000   0.4579
   0.300   0.4492   0.01767   0.01065  -0.0910  0.7789  1.0000  -0.7327   0.0000   0.4515
   0.400   0.4612   0.01769   0.01060  -0.0907  0.7759  1.0000  -0.7445   0.0000   0.4456
   0.500   0.4710   0.01784   0.01070  -0.0904  0.7721  1.0000  -0.7544   0.0000   0.4407
   0.600   0.4789   0.01802   0.01086  -0.0902  0.7667  1.0000  -0.7622   0.0000   0.4370
   0.700   0.4875   0.01817   0.01099  -0.0900  0.7615  1.0000  -0.7717   0.0000   0.4330
   0.800   0.4970   0.01826   0.01105  -0.0897  0.7565  1.0000  -0.7827   0.0000   0.4288
   0.900   0.5072   0.01830   0.01105  -0.0894  0.7520  1.0000  -0.7945   0.0000   0.4245
   1.000   0.5180   0.01828   0.01099  -0.0891  0.7478  1.0000  -0.8070   0.0000   0.4201
   1.100   0.5293   0.01823   0.01089  -0.0888  0.7440  1.0000  -0.8201   0.0000   0.4158
   1.200   0.5410   0.01815   0.01076  -0.0884  0.7406  1.0000  -0.8336   0.0000   0.4114
   1.300   0.5530   0.01806   0.01061  -0.0881  0.7373  1.0000  -0.8475   0.0000   0.4072
   1.400   0.5648   0.01800   0.01050  -0.0877  0.7341  1.0000  -0.8613   0.0000   0.4031
   1.500   0.5762   0.01806   0.01050  -0.0874  0.7306  1.0000  -0.8747   0.0000   0.3993
   1.600   0.5851   0.01823   0.01066  -0.0871  0.7259  1.0000  -0.8853   0.0000   0.3965
   1.700   0.5936   0.01839   0.01082  -0.0869  0.7203  1.0000  -0.8954   0.0000   0.3939
   1.800   0.6028   0.01851   0.01094  -0.0867  0.7148  1.0000  -0.9063   0.0000   0.3911
   1.900   0.6126   0.01858   0.01100  -0.0864  0.7099  1.0000  -0.9179   0.0000   0.3883
   2.000   0.6231   0.01861   0.01100  -0.0861  0.7055  1.0000  -0.9303   0.0000   0.3854
   2.100   0.6342   0.01858   0.01095  -0.0859  0.7013  1.0000  -0.9439   0.0000   0.3824
   2.200   0.6456   0.01851   0.01084  -0.0856  0.6975  1.0000  -0.9595   0.0000   0.3795
   2.300   0.6573   0.01842   0.01071  -0.0852  0.6939  1.0000  -0.9756   0.0000   0.3765
   2.400   0.6691   0.01834   0.01058  -0.0849  0.6904  1.0000  -0.9918   0.0000   0.3736
   2.500   0.6807   0.01832   0.01051  -0.0845  0.6867  1.0000  -1.0079   0.0000   0.3708
   2.600   0.6912   0.01848   0.01063  -0.0842  0.6822  1.0000  -1.0225   0.0000   0.3684
   2.700   0.6996   0.01861   0.01090  -0.0840  0.6767  1.0000  -1.0346   0.0000   0.3665
   2.800   0.7087   0.01872   0.01102  -0.0837  0.6708  1.0000  -1.0476   0.0000   0.3645
   2.900   0.7186   0.01878   0.01107  -0.0834  0.6652  1.0000  -1.0616   0.0000   0.3624
   3.000   0.7290   0.01879   0.01107  -0.0832  0.6602  1.0000  -1.0763   0.0000   0.3603
   3.100   0.7400   0.01878   0.01103  -0.0829  0.6556  1.0000  -1.0916   0.0000   0.3581
   3.200   0.7513   0.01873   0.01095  -0.0826  0.6514  1.0000  -1.1075   0.0000   0.3560
   3.300   0.7628   0.01866   0.01083  -0.0823  0.6474  1.0000  -1.1255   0.0000   0.3538
   3.400   0.7744   0.01860   0.01072  -0.0820  0.6435  1.0000  -1.1445   0.0000   0.3517
   3.500   0.7860   0.01862   0.01068  -0.0817  0.6392  1.0000  -1.1635   0.0000   0.3496
   3.600   0.7964   0.01880   0.01083  -0.0815  0.6342  1.0000  -1.1807   0.0000   0.3479
   3.700   0.8050   0.01892   0.01100  -0.0812  0.6287  1.0000  -1.1958   0.0000   0.3463
   3.800   0.8143   0.01901   0.01112  -0.0809  0.6226  1.0000  -1.2118   0.0000   0.3448
   3.900   0.8243   0.01905   0.01116  -0.0807  0.6166  1.0000  -1.2288   0.0000   0.3431
   4.000   0.8349   0.01903   0.01113  -0.0804  0.6110  1.0000  -1.2468   0.0000   0.3414
   4.100   0.8460   0.01898   0.01105  -0.0801  0.6059  1.0000  -1.2655   0.0000   0.3397
   4.200   0.8573   0.01892   0.01095  -0.0798  0.6012  1.0000  -1.2846   0.0000   0.3380
   4.300   0.8686   0.01889   0.01088  -0.0795  0.5968  1.0000  -1.3050   0.0000   0.3363
   4.400   0.8802   0.01894   0.01086  -0.0793  0.5922  1.0000  -1.3277   0.0000   0.3348
   4.500   0.8912   0.01919   0.01106  -0.0791  0.5868  1.0000  -1.3491   0.0000   0.3334
   4.600   0.8998   0.01932   0.01126  -0.0788  0.5817  1.0000  -1.3674   0.0000   0.3321
   4.700   0.9089   0.01945   0.01143  -0.0786  0.5758  1.0000  -1.3866   0.0000   0.3308
   4.800   0.9186   0.01952   0.01152  -0.0783  0.5695  1.0000  -1.4068   0.0000   0.3295
   4.900   0.9290   0.01953   0.01153  -0.0780  0.5634  1.0000  -1.4282   0.0000   0.3281
   5.000   0.9398   0.01949   0.01147  -0.0777  0.5576  1.0000  -1.4506   0.0000   0.3267
   5.100   0.9509   0.01943   0.01137  -0.0774  0.5521  1.0000  -1.4737   0.0000   0.3253
   5.200   0.9623   0.01941   0.01128  -0.0771  0.5467  1.0000  -1.5016   0.0000   0.3239
   5.300   0.9739   0.01958   0.01136  -0.0769  0.5404  1.0000  -1.5296   0.0000   0.3226
   5.400   0.9830   0.01978   0.01159  -0.0766  0.5349  1.0000  -1.5533   0.0000   0.3215
   5.500   0.9918   0.01992   0.01180  -0.0763  0.5291  1.0000  -1.5766   0.0000   0.3204
   5.600   1.0012   0.02005   0.01197  -0.0761  0.5229  1.0000  -1.6061   0.0000   0.3193
   5.700   1.0111   0.02013   0.01206  -0.0758  0.5167  1.0000  -1.6369   0.0000   0.3182
   5.800   1.0214   0.02016   0.01209  -0.0755  0.5106  1.0000  -1.6691   0.0000   0.3170
   5.900   1.0321   0.02016   0.01206  -0.0752  0.5047  1.0000  -1.7022   0.0000   0.3159
   6.000   1.0431   0.02020   0.01202  -0.0749  0.4988  1.0000  -1.7364   0.0000   0.3147
   6.100   1.0545   0.02043   0.01214  -0.0748  0.4918  1.0000  -1.7710   0.0000   0.3136
   6.200   1.0633   0.02064   0.01239  -0.0745  0.4859  1.0000  -1.8004   0.0000   0.3126
   6.300   1.0718   0.02077   0.01294  -0.0740  0.4792  1.0000  -1.8456   0.0000   0.3116
   6.400   1.0810   0.02088   0.01310  -0.0737  0.4725  1.0000  -1.8876   0.0000   0.3106
   6.500   1.0908   0.02096   0.01319  -0.0734  0.4659  1.0000  -1.9296   0.0000   0.3095
   6.600   1.1008   0.02102   0.01325  -0.0731  0.4599  1.0000  -1.9722   0.0000   0.3085
   6.700   1.1111   0.02110   0.01329  -0.0728  0.4540  1.0000  -2.0155   0.0000   0.3075
   6.800   1.1219   0.02128   0.01337  -0.0726  0.4476  1.0000  -2.0600   0.0000   0.3065
   6.900   1.1322   0.02169   0.01371  -0.0725  0.4404  1.0000  -2.1022   0.0000   0.3057
   7.000   1.1402   0.02183   0.01396  -0.0721  0.4351  1.0000  -2.1397   0.0000   0.3048
   7.100   1.1486   0.02197   0.01417  -0.0717  0.4287  1.0000  -2.1784   0.0000   0.3038
   7.200   1.1576   0.02209   0.01432  -0.0713  0.4218  1.0000  -2.2191   0.0000   0.3029
   7.300   1.1670   0.02217   0.01440  -0.0709  0.4151  1.0000  -2.2614   0.0000   0.3020
   7.400   1.1767   0.02225   0.01445  -0.0706  0.4086  1.0000  -2.3049   0.0000   0.3010
   7.500   1.1869   0.02242   0.01453  -0.0703  0.4020  1.0000  -2.3498   0.0000   0.3001
   7.600   1.1976   0.02296   0.01494  -0.0703  0.3938  1.0000  -2.3942   0.0000   0.2994
   7.700   1.2052   0.02312   0.01523  -0.0698  0.3893  1.0000  -2.4316   0.0000   0.2985
   7.800   1.2130   0.02331   0.01550  -0.0694  0.3835  1.0000  -2.4700   0.0000   0.2977
   7.900   1.2213   0.02347   0.01572  -0.0690  0.3769  1.0000  -2.5101   0.0000   0.2968
   8.000   1.2299   0.02360   0.01586  -0.0685  0.3701  1.0000  -2.5520   0.0000   0.2959
   8.100   1.2388   0.02370   0.01594  -0.0681  0.3636  1.0000  -2.5952   0.0000   0.2950
   8.200   1.2483   0.02388   0.01603  -0.0678  0.3566  1.0000  -2.6401   0.0000   0.2942
   8.300   1.2588   0.02449   0.01647  -0.0677  0.3475  1.0000  -2.6856   0.0000   0.2935
   8.400   1.2656   0.02463   0.01674  -0.0672  0.3430  1.0000  -2.7523   0.0000   0.2927
   8.500   1.2727   0.02482   0.01702  -0.0666  0.3371  1.0000  -2.8210   0.0000   0.2918
   8.600   1.2802   0.02500   0.01726  -0.0661  0.3305  1.0000  -2.8928   0.0000   0.2910
   8.700   1.2881   0.02515   0.01742  -0.0657  0.3238  1.0000  -2.9672   0.0000   0.2901
   8.800   1.2961   0.02529   0.01753  -0.0652  0.3170  1.0000  -3.0442   0.0000   0.2893
   8.900   1.3047   0.02558   0.01769  -0.0648  0.3095  1.0000  -3.1245   0.0000   0.2885
   9.000   1.3134   0.02616   0.01819  -0.0645  0.3014  1.0000  -3.2021   0.0000   0.2878
   9.100   1.3193   0.02634   0.01850  -0.0639  0.2963  1.0000  -3.2693   0.0000   0.2869
   9.200   1.3256   0.02656   0.01881  -0.0633  0.2901  1.0000  -3.3390   0.0000   0.2861
   9.300   1.3323   0.02679   0.01908  -0.0627  0.2837  1.0000  -3.4115   0.0000   0.2853
   9.400   1.3391   0.02700   0.01930  -0.0621  0.2773  1.0000  -3.4855   0.0000   0.2844
   9.500   1.3461   0.02726   0.01948  -0.0615  0.2705  1.0000  -3.5623   0.0000   0.2836
   9.600   1.3552   0.02799   0.02002  -0.0614  0.2606  1.0000  -3.6458   0.0000   0.2830
   9.700   1.3598   0.02823   0.02037  -0.0606  0.2559  1.0000  -3.7100   0.0000   0.2821
   9.800   1.3634   0.02846   0.02097  -0.0596  0.2486  1.0000  -3.7476   0.0000   0.2812
   9.900   1.3680   0.02869   0.02124  -0.0588  0.2415  1.0000  -3.8053   0.0000   0.2803
  10.000   1.3725   0.02893   0.02147  -0.0580  0.2347  1.0000  -3.8698   0.0000   0.2794
  10.100   1.3772   0.02931   0.02173  -0.0573  0.2274  1.0000  -3.9371   0.0000   0.2785
  10.200   1.3839   0.03006   0.02237  -0.0568  0.2184  1.0000  -4.0093   0.0000   0.2778
  10.300   1.3868   0.03036   0.02281  -0.0559  0.2136  1.0000  -4.0658   0.0000   0.2769
  10.400   1.3900   0.03073   0.02326  -0.0550  0.2077  1.0000  -4.1241   0.0000   0.2760
  10.500   1.3930   0.03110   0.02367  -0.0540  0.2015  1.0000  -4.1828   0.0000   0.2751
  10.600   1.3954   0.03150   0.02405  -0.0531  0.1955  1.0000  -4.2407   0.0000   0.2741
  10.700   1.3980   0.03206   0.02450  -0.0522  0.1889  1.0000  -4.2988   0.0000   0.2732
  10.800   1.4034   0.03302   0.02536  -0.0516  0.1804  1.0000  -4.3627   0.0000   0.2726
  10.900   1.4033   0.03343   0.02590  -0.0503  0.1764  1.0000  -4.4055   0.0000   0.2715
  11.000   1.4036   0.03390   0.02645  -0.0491  0.1714  1.0000  -4.4502   0.0000   0.2705
  11.100   1.4040   0.03440   0.02698  -0.0480  0.1661  1.0000  -4.4963   0.0000   0.2695
  11.200   1.4039   0.03491   0.02749  -0.0469  0.1611  1.0000  -4.5417   0.0000   0.2686
  11.300   1.4037   0.03554   0.02805  -0.0459  0.1561  1.0000  -4.5868   0.0000   0.2677
  11.400   1.4091   0.03684   0.02914  -0.0454  0.1469  1.0000  -4.6483   0.0000   0.2670
  11.500   1.4077   0.03738   0.02981  -0.0443  0.1443  1.0000  -4.6842   0.0000   0.2661
  11.600   1.4067   0.03801   0.03053  -0.0434  0.1408  1.0000  -4.7214   0.0000   0.2653
  11.700   1.4061   0.03866   0.03125  -0.0425  0.1367  1.0000  -4.7614   0.0000   0.2645
  11.800   1.4057   0.03933   0.03195  -0.0417  0.1327  1.0000  -4.8032   0.0000   0.2637
  11.900   1.4050   0.04002   0.03264  -0.0409  0.1290  1.0000  -4.8453   0.0000   0.2630
  12.000   1.4043   0.04077   0.03337  -0.0402  0.1254  1.0000  -4.8876   0.0000   0.2624
  12.100   1.4043   0.04171   0.03422  -0.0395  0.1211  1.0000  -4.9309   0.0000   0.2617
  12.200   1.4095   0.04308   0.03552  -0.0390  0.1151  1.0000  -4.9866   0.0000   0.2611
  12.300   1.4084   0.04388   0.03644  -0.0383  0.1134  1.0000  -5.0205   0.0000   0.2604
  12.400   1.4079   0.04478   0.03744  -0.0377  0.1113  1.0000  -5.0556   0.0000   0.2598
  12.500   1.4078   0.04570   0.03846  -0.0371  0.1090  1.0000  -5.0922   0.0000   0.2592
  12.600   1.4080   0.04664   0.03947  -0.0366  0.1066  1.0000  -5.1305   0.0000   0.2587
  12.700   1.4084   0.04758   0.04047  -0.0361  0.1042  1.0000  -5.1699   0.0000   0.2581
  12.800   1.4086   0.04853   0.04146  -0.0356  0.1020  1.0000  -5.2099   0.0000   0.2576
  12.900   1.4088   0.04949   0.04245  -0.0352  0.0999  1.0000  -5.2500   0.0000   0.2571
  13.000   1.4090   0.05046   0.04345  -0.0348  0.0979  1.0000  -5.2908   0.0000   0.2566
  13.100   1.4091   0.05147   0.04448  -0.0344  0.0960  1.0000  -5.3310   0.0000   0.2562
  13.200   1.4101   0.05254   0.04555  -0.0340  0.0940  1.0000  -5.3743   0.0000   0.2557
  13.300   1.4140   0.05387   0.04686  -0.0335  0.0912  1.0000  -5.4243   0.0000   0.2551
  13.400   1.4153   0.05651   0.04961  -0.0330  0.0882  1.0000  -5.4349   0.0000   0.2547
  13.500   1.4130   0.05776   0.05094  -0.0327  0.0876  1.0000  -5.4555   0.0000   0.2543
  13.600   1.4103   0.05900   0.05228  -0.0324  0.0870  1.0000  -5.4749   0.0000   0.2539
  13.700   1.4069   0.06033   0.05372  -0.0322  0.0864  1.0000  -5.4900   0.0000   0.2536
  13.800   1.4033   0.06172   0.05522  -0.0319  0.0857  1.0000  -5.5020   0.0000   0.2534
  13.900   1.3993   0.06318   0.05679  -0.0318  0.0850  1.0000  -5.5115   0.0000   0.2531
  14.000   1.3949   0.06474   0.05846  -0.0317  0.0844  1.0000  -5.5173   0.0000   0.2530
  14.100   1.3899   0.06642   0.06024  -0.0317  0.0837  1.0000  -5.5188   0.0000   0.2529
  14.200   1.3845   0.06819   0.06211  -0.0318  0.0831  1.0000  -5.5171   0.0000   0.2528
  14.300   1.3787   0.07004   0.06408  -0.0320  0.0825  1.0000  -5.5122   0.0000   0.2529
  14.400   1.3722   0.07202   0.06616  -0.0323  0.0819  1.0000  -5.5024   0.0000   0.2530
  14.500   1.3650   0.07413   0.06836  -0.0327  0.0814  1.0000  -5.4875   0.0000   0.2532
  14.600   1.3575   0.07632   0.07066  -0.0332  0.0810  1.0000  -5.4697   0.0000   0.2535
  14.700   1.3496   0.07862   0.07306  -0.0338  0.0806  1.0000  -5.4477   0.0000   0.2539
  14.800   1.3402   0.08112   0.07567  -0.0346  0.0803  1.0000  -5.4166   0.0000   0.2545
  14.900   1.3304   0.08377   0.07841  -0.0356  0.0801  1.0000  -5.3806   0.0000   0.2553
  15.000   1.3198   0.08656   0.08131  -0.0367  0.0799  1.0000  -5.3386   0.0000   0.2561
  15.100   1.3073   0.08972   0.08456  -0.0381  0.0800  1.0000  -5.2824   0.0000   0.2574
  15.200   1.2940   0.09311   0.08806  -0.0398  0.0801  1.0000  -5.2178   0.0000   0.2588
  15.300   1.2786   0.09695   0.09200  -0.0419  0.0805  1.0000  -5.1364   0.0000   0.2607
  15.400   1.2607   0.10137   0.09651  -0.0445  0.0810  1.0000  -5.0341   0.0000   0.2630
  15.500   1.2395   0.10661   0.10185  -0.0478  0.0819  1.0000  -4.9011   0.0000   0.2662
  15.600   1.2148   0.11279   0.10811  -0.0518  0.0830  1.0000  -4.7337   0.0000   0.2702
  15.700   1.1837   0.12055   0.11593  -0.0570  0.0845  1.0000  -4.5010   0.0000   0.2758
  15.800   1.1446   0.13101   0.12640  -0.0638  0.0861  1.0000  -4.1737   0.0000   0.2836
  15.900   1.1082   0.14233   0.13768  -0.0704  0.0873  1.0000  -3.8324   0.0000   0.2917
  16.000   1.0856   0.15104   0.14636  -0.0751  0.0876  1.0000  -3.5990   0.0000   0.2975
  16.100   1.0715   0.15783   0.15313  -0.0784  0.0877  1.0000  -3.4395   0.0000   0.3017
  16.200   1.0618   0.16347   0.15876  -0.0811  0.0877  1.0000  -3.3214   0.0000   0.3050
  16.300   1.0545   0.16840   0.16367  -0.0834  0.0877  1.0000  -3.2280   0.0000   0.3077
  16.400   1.0487   0.17289   0.16816  -0.0854  0.0876  1.0000  -3.1493   0.0000   0.3101
  16.500   1.0440   0.17710   0.17237  -0.0873  0.0876  1.0000  -3.0805   0.0000   0.3122
  16.600   1.0401   0.18113   0.17639  -0.0890  0.0875  1.0000  -3.0194   0.0000   0.3141
  16.700   1.0370   0.18505   0.18031  -0.0904  0.0876  1.0000  -2.9656   0.0000   0.3158
  17.000   1.0374   0.19397   0.18930  -0.0935  0.0889  1.0000  -2.8891   0.0000   0.3185
  17.100   0.9833   0.21661   0.21159  -0.1088  0.1276  1.0000  -2.1357   0.0000   0.3404
  17.200   0.9854   0.21855   0.21354  -0.1093  0.1265  1.0000  -2.1432   0.0000   0.3406
  17.300   0.9878   0.22047   0.21549  -0.1097  0.1255  1.0000  -2.1531   0.0000   0.3406
  17.400   0.9904   0.22240   0.21743  -0.1102  0.1246  1.0000  -2.1649   0.0000   0.3406
  17.500   0.9931   0.22435   0.21939  -0.1105  0.1237  1.0000  -2.1784   0.0000   0.3405
  17.600   0.9962   0.22632   0.22138  -0.1108  0.1229  1.0000  -2.1937   0.0000   0.3403
  17.700   0.9994   0.22832   0.22340  -0.1111  0.1222  1.0000  -2.2107   0.0000   0.3400
  17.800   1.0030   0.23038   0.22548  -0.1113  0.1215  1.0000  -2.2301   0.0000   0.3396
  17.900   1.0092   0.23270   0.22803  -0.1110  0.1205  1.0000  -2.2326   0.0000   0.3384
  18.000   1.0148   0.23506   0.23043  -0.1108  0.1198  1.0000  -2.2605   0.0000   0.3375
  18.100   1.0214   0.23774   0.23314  -0.1105  0.1191  1.0000  -2.2943   0.0000   0.3363
  18.200   1.0280   0.24083   0.23627  -0.1101  0.1184  1.0000  -2.3288   0.0000   0.3350
  18.300   1.0289   0.25274   0.24818  -0.1097  0.1160  1.0000  -2.3139   0.0000   0.3345
  18.400   1.0283   0.25475   0.25019  -0.1108  0.1159  1.0000  -2.2935   0.0000   0.3355
  18.500   1.0272   0.25633   0.25178  -0.1120  0.1157  1.0000  -2.2695   0.0000   0.3367
  18.600   1.0255   0.25737   0.25282  -0.1134  0.1153  1.0000  -2.2413   0.0000   0.3381
  18.700   1.0213   0.25789   0.25333  -0.1151  0.1148  1.0000  -2.1991   0.0000   0.3401
  18.800   1.0139   0.25790   0.25333  -0.1173  0.1139  1.0000  -2.1414   0.0000   0.3430
  18.900   1.0048   0.25785   0.25325  -0.1200  0.1121  1.0000  -2.0712   0.0000   0.3466
  19.000   0.9992   0.25873   0.25411  -0.1224  0.1075  1.0000  -2.0160   0.0000   0.3496
  19.100   0.9995   0.26027   0.25567  -0.1233  0.1026  1.0000  -2.0059   0.0000   0.3502
  19.200   1.0016   0.26192   0.25735  -0.1236  0.0993  1.0000  -2.0058   0.0000   0.3501
  19.300   1.0061   0.26320   0.25866  -0.1232  0.0958  1.0000  -2.0224   0.0000   0.3489
  19.400   1.0333   0.26468   0.26024  -0.1179  0.0901  1.0000  -2.1793   0.0000   0.3400
  19.600   1.0312   0.27857   0.27411  -0.1184  0.0879  1.0000  -2.0807   0.0000   0.3407
  19.700   1.0306   0.28117   0.27671  -0.1193  0.0878  1.0000  -2.0444   0.0000   0.3415
  19.800   1.0299   0.28365   0.27919  -0.1202  0.0878  1.0000  -2.0106   0.0000   0.3424
  19.900   1.0291   0.28599   0.28153  -0.1212  0.0876  1.0000  -1.9786   0.0000   0.3432
  20.000   1.0281   0.28818   0.28373  -0.1221  0.0875  1.0000  -1.9480   0.0000   0.3441


