XFOIL	Version	6.99								
										
Calculated	polar	for:	NACA	2408						
										
1	1	Reynolds	number	fixed	Mach	number	fixed			
										
xtrf	=	1	(top)	1	(bottom)					
Mach	=	0	Re	=	0.075	e	6	Ncrit	=	9
										
alpha	CL	CD	CDp	CM	Top_Xtr	Bot_Xtr				
------	--------	---------	---------	--------	--------	--------				
-10	-0.3997	0.1117	0.10608	-0.0131	1	0.128				
-9.9	-0.3976	0.11032	0.10471	-0.0132	1	0.13				
-9.8	-0.3974	0.10902	0.10342	-0.0134	1	0.132				
-9.7	-0.3996	0.10785	0.10226	-0.014	1	0.1341				
-9.6	-0.4057	0.10693	0.10137	-0.0152	1	0.1358				
-9.5	-0.4147	0.10621	0.10069	-0.0167	1	0.1366				
-9.4	-0.4245	0.10548	0.10001	-0.0183	1	0.1371				
-9.3	-0.4335	0.10466	0.09922	-0.0199	1	0.1373				
-9.2	-0.3974	0.10037	0.09485	-0.0152	1	0.1422				
-9.1	-0.3951	0.09903	0.09351	-0.0151	1	0.1452				
-9	-0.3975	0.09782	0.09232	-0.0157	1	0.1481				
-8.9	-0.4043	0.09679	0.09133	-0.0169	1	0.1499				
-8.8	-0.4132	0.09585	0.09043	-0.0184	1	0.1508				
-8.7	-0.422	0.09486	0.08949	-0.0199	1	0.1513				
-8.6	-0.4315	0.09384	0.08852	-0.0215	1	0.1515				
-8.5	-0.441	0.09282	0.08755	-0.0231	1	0.1517				
-8.4	-0.5012	0.0991	0.09339	-0.0096	1	0.1437				
-8.3	-0.5007	0.09788	0.09219	-0.0101	1	0.1466				
-8.2	-0.5052	0.09686	0.09121	-0.0118	1	0.1492				
-8.1	-0.5154	0.09608	0.0905	-0.0147	1	0.1506				
-8	-0.5278	0.09509	0.08958	-0.0206	1	0.1514				
-7.9	-0.506	0.09232	0.08676	-0.0135	1	0.1546				
-7.8	-0.498	0.09104	0.08546	-0.0123	1	0.1589				
-7.7	-0.5004	0.08991	0.08437	-0.0133	1	0.1621				
-7.6	-0.5085	0.08875	0.08327	-0.0171	1	0.1645				
-7.5	-0.5199	0.08732	0.08185	-0.0247	1	0.1658				
-7.4	-0.5022	0.08534	0.0799	-0.0165	1	0.1692				
-7.3	-0.4962	0.08417	0.07872	-0.0153	1	0.1732				
-7.2	-0.4987	0.08282	0.0774	-0.0179	1	0.1777				
-7.1	-0.5118	0.08115	0.07572	-0.0268	1	0.1806				
-7	-0.4978	0.07943	0.07404	-0.0202	1	0.1831				
-6.9	-0.4914	0.07821	0.07283	-0.0186	1	0.1861				
-6.8	-0.4901	0.07688	0.07151	-0.0198	1	0.1908				
-6.7	-0.4965	0.07498	0.06961	-0.0249	1	0.1959				
-6.6	-0.489	0.07357	0.06822	-0.0223	1	0.1978				
-6.5	-0.4835	0.07236	0.06703	-0.0211	1	0.201				
-6.4	-0.4898	0.07081	0.06542	-0.0269	1	0.2099				
-6.3	-0.4828	0.06925	0.0639	-0.0243	1	0.2116				
-6.2	-0.477	0.06803	0.06271	-0.0228	1	0.2143				
-6.1	-0.4801	0.06665	0.06126	-0.0268	1	0.2246				
-6	-0.4738	0.06514	0.0598	-0.0247	1	0.2263				
-5.9	-0.4684	0.06394	0.05863	-0.0233	1	0.2293				
-5.8	-0.4689	0.06255	0.05718	-0.0257	1	0.2397				
-5.7	-0.4632	0.06123	0.0559	-0.024	1	0.242				
-5.6	-0.4622	0.06011	0.05472	-0.0258	1	0.2539				
-5.5	-0.4563	0.05886	0.05351	-0.0233	1	0.2568				
-5.4	-0.4542	0.05777	0.05239	-0.0239	1	0.2692				
-5.3	-0.4486	0.05671	0.05138	-0.0217	1	0.2735				
-5.2	-0.4171	0.03744	0.02997	-0.0424	1	0.0992				
-5.1	-0.4093	0.03598	0.02832	-0.0422	1	0.0992				
-5	-0.4012	0.03453	0.02664	-0.042	1	0.0991				
-4.9	-0.3925	0.03294	0.02476	-0.0417	1	0.0982				
-4.8	-0.3832	0.03139	0.02279	-0.0414	1	0.0969				
-4.7	-0.3741	0.03017	0.02132	-0.0411	1	0.0967				
-4.6	-0.3651	0.02907	0.02009	-0.0408	1	0.0973				
-4.5	-0.356	0.02809	0.01903	-0.0405	1	0.0982				
-4.4	-0.347	0.02735	0.01822	-0.0402	1	0.1003				
-4.3	-0.3378	0.02669	0.01745	-0.0398	1	0.1035				
-4.2	-0.328	0.02597	0.0165	-0.0395	1	0.1066				
-4.1	-0.3177	0.02527	0.0155	-0.039	1	0.1089				
-4	-0.3081	0.02424	0.01445	-0.0388	1	0.111				
-3.9	-0.2985	0.02353	0.01374	-0.0386	1	0.1137				
-3.8	-0.2886	0.02294	0.01309	-0.0382	1	0.1173				
-3.7	-0.2784	0.02249	0.01242	-0.0379	1	0.1227				
-3.6	-0.2691	0.02182	0.01186	-0.0377	1	0.1281				
-3.5	-0.2591	0.02134	0.01131	-0.0374	1	0.134				
-3.4	-0.2487	0.0207	0.01062	-0.0371	1	0.1393				
-3.3	-0.2389	0.02022	0.01019	-0.0368	1	0.1466				
-3.2	-0.2291	0.01975	0.00972	-0.0366	1	0.156				
-3.1	-0.219	0.01933	0.00927	-0.0363	1	0.1672				
-3	-0.2091	0.01886	0.00885	-0.036	1	0.1789				
-2.9	-0.1991	0.01841	0.00846	-0.0357	1	0.1943				
-2.8	-0.1894	0.01793	0.00817	-0.0355	1	0.2133				
-2.7	-0.1793	0.01747	0.00782	-0.0353	1	0.2387				
-2.6	-0.1691	0.01694	0.00752	-0.0352	1	0.2714				
-2.5	-0.1592	0.01636	0.00723	-0.035	1	0.319				
-2.4	-0.1488	0.01563	0.00694	-0.035	1	0.3927				
-2.3	-0.1398	0.01475	0.0068	-0.0344	1	0.5194				
-2.2	-0.1362	0.01394	0.00683	-0.0319	1	0.6979				
-2.1	-0.1108	0.01339	0.00666	-0.0327	1	1				
-2	-0.1019	0.01341	0.0065	-0.0324	1	1				
-1.9	-0.0932	0.01343	0.00638	-0.0322	1	1				
-1.8	-0.0844	0.01347	0.00627	-0.0319	1	1				
-1.7	-0.0756	0.01351	0.00619	-0.0317	1	1				
-1.6	-0.0669	0.01355	0.00612	-0.0314	1	1				
-1.5	-0.0581	0.0136	0.00607	-0.0312	1	1				
-1.4	-0.0493	0.01366	0.00602	-0.031	1	1				
-1.3	-0.0405	0.01372	0.00599	-0.0308	1	1				
-1.2	-0.0316	0.01379	0.00598	-0.0305	1	1				
-1.1	-0.0228	0.01386	0.00595	-0.0303	1	1				
-1	-0.014	0.01394	0.00595	-0.0302	1	1				
-0.9	-0.0052	0.01402	0.00597	-0.03	1	1				
-0.8	0.0035	0.01411	0.00599	-0.0298	1	1				
-0.7	0.0123	0.01421	0.00603	-0.0297	1	1				
-0.6	0.021	0.01432	0.00607	-0.0295	1	1				
-0.5	0.0297	0.01443	0.00613	-0.0294	1	1				
-0.4	0.0384	0.01455	0.0062	-0.0293	1	1				
-0.3	0.047	0.01468	0.00628	-0.0291	1	1				
-0.2	0.0556	0.01481	0.00637	-0.029	1	1				
-0.1	0.0642	0.01496	0.00647	-0.0289	1	1				
-2.84217E-14	0.0727	0.01511	0.00658	-0.0289	1	1				
0.1	0.0811	0.01527	0.00671	-0.0288	1	1				
0.2	0.0895	0.01545	0.00685	-0.0288	1	1				
0.3	0.0979	0.01563	0.007	-0.0287	1	1				
0.4	0.1061	0.01583	0.00717	-0.0287	1	1				
0.5	0.1143	0.01603	0.00735	-0.0287	1	1				
0.6	0.1224	0.01625	0.00755	-0.0287	1	1				
0.7	0.1304	0.01648	0.00776	-0.0287	1	1				
0.8	0.1501	0.01674	0.008	-0.0309	0.9957	1				
0.9	0.1722	0.01698	0.00823	-0.0335	0.9898	1				
1	0.1956	0.01724	0.00847	-0.0363	0.9846	1				
1.1	0.216	0.01744	0.00867	-0.0385	0.9779	1				
1.2	0.2391	0.01766	0.00888	-0.0411	0.9723	1				
1.3	0.2589	0.01783	0.00906	-0.0432	0.9654	1				
1.4	0.2807	0.018	0.00925	-0.0455	0.9592	1				
1.5	0.3011	0.01815	0.00941	-0.0475	0.9526	1				
1.6	0.3213	0.01827	0.00955	-0.0495	0.9457	1				
1.7	0.3427	0.01838	0.00969	-0.0516	0.9396	1				
1.8	0.3609	0.01847	0.0098	-0.0531	0.9319	1				
1.9	0.3842	0.01852	0.00989	-0.0555	0.9266	1				
2	0.4001	0.01859	0.01	-0.0564	0.9181	1				
2.1	0.4257	0.01856	0.01005	-0.0591	0.9135	1				
2.2	0.4393	0.01863	0.01015	-0.0596	0.9044	1				
2.3	0.4632	0.01856	0.01013	-0.0618	0.8995	1				
2.4	0.4759	0.01861	0.01023	-0.062	0.8903	1				
2.5	0.498	0.01849	0.01017	-0.0637	0.8853	1				
2.6	0.5099	0.01854	0.01026	-0.0637	0.8759	1				
2.7	0.5307	0.01839	0.01017	-0.065	0.8707	1				
2.8	0.5416	0.01844	0.01029	-0.0648	0.861	1				
2.9	0.5606	0.01827	0.01017	-0.0657	0.8554	1				
3	0.5712	0.0183	0.01026	-0.0653	0.8456	1				
3.1	0.5854	0.01823	0.01023	-0.0654	0.838	1				
3.2	0.5989	0.01815	0.0102	-0.0653	0.8298	1				
3.3	0.6104	0.01813	0.01023	-0.065	0.8207	1				
3.4	0.6251	0.01797	0.01011	-0.0649	0.8136	1				
3.5	0.6348	0.018	0.01019	-0.0643	0.8033	1				
3.6	0.6468	0.01792	0.01015	-0.0638	0.7946	1				
3.7	0.6587	0.01781	0.01011	-0.0632	0.7856	1				
3.8	0.6685	0.01781	0.01016	-0.0625	0.7748	1				
3.9	0.6792	0.01774	0.01012	-0.0617	0.7647	1				
4	0.691	0.01758	0.00998	-0.061	0.7551	1				
4.1	0.7001	0.01756	0.00999	-0.06	0.7427	1				
4.2	0.7095	0.01751	0.00996	-0.059	0.7301	1				
4.3	0.7189	0.01745	0.00991	-0.058	0.7169	1				
4.4	0.7282	0.01737	0.00984	-0.0569	0.7031	1				
4.5	0.7373	0.01731	0.00977	-0.0558	0.6884	1				
4.6	0.7463	0.01725	0.00974	-0.0546	0.6731	1				
4.7	0.7551	0.0172	0.00968	-0.0535	0.6571	1				
4.8	0.7639	0.01716	0.00962	-0.0524	0.6406	1				
4.9	0.7722	0.01717	0.00962	-0.0513	0.6228	1				
5	0.7802	0.01719	0.00964	-0.0502	0.6036	1				
5.1	0.7884	0.01721	0.00962	-0.0491	0.584	1				
5.2	0.7961	0.01727	0.00966	-0.048	0.5625	1				
5.3	0.8037	0.01733	0.00967	-0.0469	0.5391	1				
5.4	0.8107	0.01743	0.00972	-0.0457	0.5112	1				
5.5	0.8171	0.01757	0.00979	-0.0444	0.478	1				
5.6	0.8222	0.01779	0.00987	-0.043	0.4319	1				
5.7	0.8247	0.01829	0.01002	-0.0411	0.354	1				
5.8	0.8237	0.01957	0.01047	-0.0392	0.2491	1				
5.9	0.8255	0.02097	0.01125	-0.0378	0.1932	1				
6	0.8304	0.022	0.01198	-0.0369	0.1659	1				
6.1	0.8369	0.02284	0.01269	-0.036	0.1482	1				
6.2	0.8441	0.02368	0.0134	-0.0353	0.1369	1				
6.3	0.8516	0.02449	0.01406	-0.0347	0.1275	1				
6.4	0.8604	0.02516	0.01476	-0.0341	0.1188	1				
6.5	0.8688	0.02604	0.01547	-0.0336	0.1122	1				
6.6	0.8789	0.02674	0.01626	-0.0332	0.1068	1				
6.7	0.8888	0.02758	0.01702	-0.0328	0.1025	1				
6.8	0.8994	0.02866	0.01802	-0.0326	0.0986	1				
6.9	0.9094	0.02934	0.01884	-0.0322	0.0945	1				
7	0.9189	0.03008	0.0196	-0.0319	0.0905	1				
7.1	0.9295	0.0313	0.02071	-0.0319	0.0873	1				
7.2	0.9401	0.03243	0.02196	-0.0315	0.0857	1				
7.3	0.9501	0.03339	0.02313	-0.031	0.0843	1				
7.4	0.9599	0.03445	0.02437	-0.0305	0.083	1				
7.5	0.9692	0.0355	0.02559	-0.03	0.0814	1				
7.6	0.978	0.0365	0.02672	-0.0296	0.0794	1				
7.7	0.9869	0.03745	0.0277	-0.0293	0.0773	1				
7.8	0.9955	0.03864	0.02887	-0.0291	0.0753	1				
7.9	1.0036	0.0405	0.03077	-0.0289	0.0741	1				
8	1.011	0.0423	0.03269	-0.0285	0.0737	1				
8.1	1.0179	0.04369	0.0343	-0.0278	0.0736	1				
8.2	1.0244	0.04522	0.03603	-0.0271	0.0735	1				
8.3	1.0306	0.0469	0.03789	-0.0265	0.0736	1				
8.4	1.0366	0.04862	0.03981	-0.0259	0.0738	1				
8.5	1.0423	0.04967	0.0411	-0.025	0.0742	1				
8.6	1.0466	0.05087	0.04259	-0.024	0.0748	1				
8.7	1.0441	0.05253	0.0448	-0.0223	0.0764	1				
8.8	1.0421	0.05475	0.0474	-0.0211	0.078	1				
8.9	1.0413	0.0569	0.0498	-0.0202	0.0791	1				
9	1.0399	0.05901	0.05212	-0.0194	0.0802	1				
9.1	1.0382	0.06109	0.0544	-0.0187	0.0811	1				
9.2	1.0363	0.06315	0.05661	-0.018	0.082	1				
9.3	1.0344	0.0652	0.05879	-0.0175	0.0827	1				
9.4	1.0326	0.06724	0.06094	-0.0169	0.0835	1				
9.5	1.0311	0.0693	0.06309	-0.0165	0.0842	1				
9.6	1.0308	0.07142	0.06529	-0.0162	0.0849	1				
9.7	1.0348	0.0738	0.06767	-0.0161	0.0858	1				
9.8	0.9172	0.066	0.06048	-0.0054	0.09	1				
9.9	0.8923	0.06846	0.06305	-0.0049	0.0915	1				
10	0.875	0.07088	0.06554	-0.005	0.0924	1				
10.1	0.8592	0.07344	0.06814	-0.0055	0.093	1				
10.2	0.8436	0.0762	0.07094	-0.0065	0.0934	1				
10.3	0.8277	0.0793	0.07407	-0.0079	0.0939	1				
10.4	0.8125	0.08266	0.07746	-0.0096	0.0947	1				
10.5	0.7997	0.08612	0.08092	-0.0114	0.0958	1				
10.6	0.7943	0.08892	0.08372	-0.0121	0.0973	1				
10.7	0.7889	0.09172	0.08652	-0.0128	0.0988	1				
10.8	0.739	0.10322	0.09794	-0.0226	0.1081	1				
10.9	0.848	0.13042	0.12491	-0.0528	0.1973	1				
11	0.8658	0.13287	0.12741	-0.0505	0.1962	1				
11.1	0.8294	0.13439	0.12877	-0.0565	0.1916	1				
11.2	0.8281	0.13603	0.13041	-0.0572	0.1885	1				
11.3	0.8314	0.13765	0.13203	-0.0571	0.1862	1				
11.4	0.8393	0.13932	0.13372	-0.0563	0.1842	1				
11.5	0.8565	0.14152	0.13599	-0.054	0.1826	1				
11.6	0.8505	0.14371	0.13813	-0.0554	0.1815	1				
11.7	0.8292	0.14492	0.13925	-0.0595	0.1774	1				
11.8	0.8289	0.14648	0.14081	-0.0601	0.1744	1				
11.9	0.8331	0.14806	0.1424	-0.0599	0.172	1				
12	0.8432	0.1498	0.14417	-0.0587	0.1699	1				
12.1	0.8603	0.15264	0.14708	-0.0562	0.1679	1				
12.2	0.8441	0.15392	0.14829	-0.0597	0.167	1				
12.3	0.8327	0.15515	0.14945	-0.0624	0.1639	1				
12.4	0.8323	0.15663	0.15093	-0.0631	0.1608	1				
12.5	0.8376	0.15812	0.15246	-0.0628	0.1579	1				
12.6	0.8643	0.1611	0.15551	-0.0582	0.1541	1				
12.7	0.8526	0.16239	0.15675	-0.0612	0.1535	1				
12.8	0.842	0.16355	0.15786	-0.064	0.1521	1				
12.9	0.8375	0.16484	0.15913	-0.0656	0.1491	1				
13	0.8395	0.16623	0.16052	-0.066	0.1458	1				
13.1	0.8545	0.16801	0.16235	-0.0636	0.142	1				
13.2	0.871	0.17141	0.16579	-0.0611	0.1404	1				
13.3	0.8581	0.17225	0.16657	-0.0645	0.1397	1				
13.4	0.848	0.17309	0.16736	-0.0675	0.138	1				
13.5	0.8452	0.1743	0.16856	-0.0689	0.1354	1				
13.6	0.8465	0.17573	0.16998	-0.0695	0.133	1				
13.7	0.8506	0.17729	0.17155	-0.0696	0.1309	1				
13.8	0.8592	0.17922	0.17351	-0.0688	0.1289	1				
13.9	0.8856	0.18395	0.17832	-0.064	0.1269	1				
14	0.8763	0.18469	0.17901	-0.067	0.1266	1				
14.1	0.8667	0.1852	0.17947	-0.0702	0.1258	1				
14.2	0.8592	0.18566	0.17989	-0.0726	0.1242	1				
14.3	0.8579	0.1868	0.18102	-0.074	0.122	1				
14.4	0.8595	0.18819	0.18241	-0.0747	0.1199	1				
14.5	0.8628	0.18969	0.18391	-0.0751	0.118	1				
14.6	0.8682	0.19139	0.18563	-0.0749	0.1162	1				
14.7	0.8806	0.19426	0.18853	-0.0734	0.1145	1				
14.8	0.8966	0.19892	0.19323	-0.0708	0.1132	1				
14.9	0.89	0.19936	0.19363	-0.0736	0.1129	1				
15	0.8826	0.19938	0.19361	-0.0763	0.1123	1				
15.1	0.8774	0.19961	0.19382	-0.0786	0.111	1				
15.2	0.8767	0.20063	0.19481	-0.0801	0.1091	1				
15.3	0.8783	0.20195	0.19613	-0.081	0.1071	1				
15.4	0.8812	0.20336	0.19755	-0.0816	0.1053	1				
15.5	0.8856	0.20491	0.19911	-0.0817	0.1035	1				
15.6	0.895	0.20732	0.20158	-0.0805	0.1014	1				
15.7	0.9121	0.21307	0.20736	-0.0778	0.0997	1				
15.8	0.9071	0.21313	0.20739	-0.0803	0.0994	1				
15.9	0.9022	0.21297	0.2072	-0.0827	0.099	1				
16	0.899	0.21315	0.20736	-0.0849	0.098	1				
16.1	0.8985	0.21397	0.20816	-0.0866	0.0962	1				
16.2	0.9003	0.2152	0.20939	-0.0877	0.0944	1				
16.3	0.9032	0.21655	0.21074	-0.0883	0.0925	1				
16.4	0.9069	0.21799	0.21219	-0.0887	0.0908	1				
16.5	0.9117	0.21965	0.21386	-0.0887	0.0894	1				
16.6	0.9189	0.22203	0.21627	-0.0881	0.0881	1				
16.7	0.9412	0.23056	0.22485	-0.0839	0.0867	1				
16.8	0.9383	0.2306	0.22487	-0.0862	0.0865	1				
16.9	0.9344	0.23016	0.2244	-0.0884	0.0863	1				
17	0.9314	0.22983	0.22405	-0.0906	0.086	1				
17.1	0.9291	0.22971	0.2239	-0.093	0.0853	1				
17.2	0.929	0.23025	0.22442	-0.0949	0.0842	1				
17.3	0.9307	0.23133	0.2255	-0.0962	0.0828	1				
17.4	0.9331	0.23261	0.22678	-0.0972	0.0815	1				
17.5	0.936	0.23396	0.22813	-0.098	0.0802	1				
17.6	0.9392	0.23534	0.22951	-0.0988	0.0791	1				
17.7	0.9427	0.23678	0.23095	-0.0993	0.0779	1				
17.8	0.9466	0.23831	0.2325	-0.0997	0.0769	1				
17.9	0.9512	0.24007	0.23427	-0.0998	0.0759	1				
18	0.9576	0.24264	0.23686	-0.0993	0.075	1				
18.1	0.9785	0.25333	0.24761	-0.0951	0.0737	1				
18.2	0.9767	0.25296	0.24722	-0.0971	0.0736	1				
18.3	0.9746	0.25231	0.24654	-0.0992	0.0735	1				
18.4	0.9731	0.25176	0.24598	-0.1013	0.0733	1				
18.5	0.972	0.25129	0.24548	-0.1035	0.073	1				
18.6	0.9719	0.25122	0.2454	-0.1055	0.0725	1				
18.7	0.973	0.25169	0.24586	-0.1074	0.0716	1				
18.8	0.9752	0.25267	0.24683	-0.1087	0.0705	1				
18.9	0.9779	0.25386	0.24802	-0.1098	0.0693	1				
19	0.9809	0.25513	0.24932	-0.1108	0.0682	1				
19.1	0.9841	0.25643	0.25063	-0.1116	0.0671	1				
19.2	0.9874	0.25777	0.25197	-0.1124	0.066	1				
19.3	0.991	0.25918	0.25338	-0.1129	0.0648	1				
19.4	0.9948	0.26067	0.25489	-0.1134	0.0639	1				
19.5	0.9995	0.26262	0.25685	-0.1133	0.0629	1				
19.6	1.0072	0.26658	0.26085	-0.112	0.0619	1				
19.7	1.0206	0.2761	0.27039	-0.1096	0.0611	1				
19.8	1.0198	0.27528	0.26956	-0.1115	0.061	1				
19.9	1.0194	0.27459	0.26885	-0.1135	0.0609	1				
20	1.0193	0.27394	0.26818	-0.1155	0.0607	1				
