QBlade v0.963 64bit

 Calculated polar for: SG6040

 1 1 Reynolds number fixed          Mach number fixed         

 xtrf =   1.000 (top)        1.000 (bottom)
 Mach =   0.000     Re =     0.075 e 6     Ncrit =   9.000

  alpha     CL        CD       CDp       Cm    Top Xtr Bot Xtr   Cpmin    Chinge    XCp    
 ------- -------- --------- --------- -------- ------- ------- -------- --------- ---------
 -10.000  -0.5121   0.07454   0.06877  -0.0664  1.0000  0.0710  -2.6596   0.0000   0.1038
  -9.900  -0.5315   0.07250   0.06674  -0.0663  1.0000  0.0704  -2.7258   0.0000   0.1094
  -9.800  -0.5504   0.07090   0.06513  -0.0656  1.0000  0.0699  -2.7827   0.0000   0.1154
  -9.700  -0.5689   0.06965   0.06388  -0.0645  1.0000  0.0696  -2.8316   0.0000   0.1218
  -9.600  -0.5870   0.06869   0.06292  -0.0631  1.0000  0.0693  -2.8739   0.0000   0.1283
  -9.500  -0.6047   0.06796   0.06220  -0.0612  1.0000  0.0691  -2.9109   0.0000   0.1349
  -9.400  -0.6221   0.06738   0.06162  -0.0592  1.0000  0.0689  -2.9443   0.0000   0.1415
  -9.300  -0.6390   0.06669   0.06092  -0.0572  1.0000  0.0687  -2.9790   0.0000   0.1476
  -9.200  -0.6553   0.06564   0.05983  -0.0555  1.0000  0.0684  -3.0208   0.0000   0.1527
  -9.100  -0.6712   0.06444   0.05856  -0.0538  1.0000  0.0679  -3.0665   0.0000   0.1575
  -9.000  -0.6897   0.06287   0.05697  -0.0521  1.0000  0.0672  -3.1299   0.0000   0.1625
  -8.900  -0.7064   0.06129   0.05524  -0.0505  1.0000  0.0665  -3.1922   0.0000   0.1668
  -8.800  -0.7196   0.05969   0.05348  -0.0490  1.0000  0.0657  -3.2481   0.0000   0.1704
  -8.700  -0.7287   0.05820   0.05182  -0.0477  1.0000  0.0650  -3.2927   0.0000   0.1732
  -8.600  -0.7352   0.05685   0.05031  -0.0465  1.0000  0.0644  -3.3280   0.0000   0.1756
  -8.500  -0.7393   0.05568   0.04898  -0.0454  1.0000  0.0639  -3.3513   0.0000   0.1775
  -8.400  -0.7418   0.05464   0.04779  -0.0444  1.0000  0.0635  -3.3653   0.0000   0.1792
  -8.300  -0.7430   0.05366   0.04668  -0.0435  1.0000  0.0632  -3.3728   0.0000   0.1807
  -8.200  -0.7432   0.05270   0.04560  -0.0426  1.0000  0.0630  -3.3761   0.0000   0.1820
  -8.100  -0.7426   0.05174   0.04452  -0.0418  1.0000  0.0628  -3.3767   0.0000   0.1831
  -8.000  -0.7415   0.05076   0.04341  -0.0411  1.0000  0.0626  -3.3759   0.0000   0.1842
  -7.900  -0.7399   0.04972   0.04217  -0.0404  1.0000  0.0626  -3.3755   0.0000   0.1851
  -7.800  -0.7378   0.04869   0.04100  -0.0397  1.0000  0.0625  -3.3731   0.0000   0.1859
  -7.700  -0.7353   0.04761   0.03980  -0.0391  1.0000  0.0624  -3.3706   0.0000   0.1866
  -7.600  -0.7324   0.04648   0.03854  -0.0385  1.0000  0.0624  -3.3684   0.0000   0.1873
  -7.500  -0.7290   0.04531   0.03723  -0.0380  1.0000  0.0624  -3.3664   0.0000   0.1878
  -7.400  -0.7252   0.04410   0.03588  -0.0375  1.0000  0.0625  -3.3647   0.0000   0.1883
  -7.300  -0.7209   0.04285   0.03450  -0.0370  1.0000  0.0626  -3.3631   0.0000   0.1887
  -7.200  -0.7162   0.04160   0.03311  -0.0366  1.0000  0.0628  -3.3608   0.0000   0.1890
  -7.100  -0.7110   0.04037   0.03176  -0.0362  1.0000  0.0631  -3.3569   0.0000   0.1893
  -7.000  -0.7054   0.03921   0.03050  -0.0358  1.0000  0.0636  -3.3500   0.0000   0.1895
  -6.900  -0.6994   0.03817   0.02938  -0.0354  1.0000  0.0641  -3.3389   0.0000   0.1897
  -6.800  -0.6931   0.03726   0.02842  -0.0350  1.0000  0.0648  -3.3234   0.0000   0.1899
  -6.700  -0.6868   0.03649   0.02761  -0.0346  1.0000  0.0657  -3.3041   0.0000   0.1901
  -6.600  -0.6803   0.03583   0.02692  -0.0342  1.0000  0.0667  -3.2825   0.0000   0.1902
  -6.500  -0.6736   0.03523   0.02630  -0.0337  1.0000  0.0678  -3.2603   0.0000   0.1904
  -6.400  -0.6669   0.03468   0.02572  -0.0333  1.0000  0.0692  -3.2389   0.0000   0.1906
  -6.300  -0.6600   0.03415   0.02515  -0.0329  1.0000  0.0708  -3.2196   0.0000   0.1908
  -6.200  -0.6529   0.03363   0.02458  -0.0325  1.0000  0.0728  -3.2032   0.0000   0.1910
  -6.100  -0.6456   0.03311   0.02400  -0.0320  1.0000  0.0753  -3.1909   0.0000   0.1912
  -6.000  -0.6382   0.03261   0.02342  -0.0315  1.0000  0.0782  -3.1836   0.0000   0.1914
  -5.900  -0.6305   0.03223   0.02291  -0.0310  1.0000  0.0813  -3.1789   0.0000   0.1916
  -5.800  -0.6220   0.03106   0.02189  -0.0309  0.9995  0.0873  -3.1796   0.0000   0.1912
  -5.700  -0.6053   0.03058   0.02146  -0.0323  0.9968  0.0997  -3.1678   0.0000   0.1876
  -5.600  -0.5910   0.02962   0.02067  -0.0333  0.9943  0.1201  -3.1768   0.0000   0.1845
  -5.500  -0.5753   0.02912   0.02031  -0.0350  0.9919  0.1456  -3.1390   0.0000   0.1801
  -5.400  -0.5618   0.02875   0.02004  -0.0362  0.9889  0.1664  -3.0832   0.0000   0.1764
  -5.300  -0.5469   0.02877   0.02002  -0.0378  0.9859  0.1875  -3.0113   0.0000   0.1717
  -5.200  -0.5325   0.02854   0.01999  -0.0393  0.9835  0.2073  -2.9353   0.0000   0.1672
  -5.100  -0.5186   0.02824   0.01976  -0.0403  0.9811  0.2242  -2.8691   0.0000   0.1632
  -5.000  -0.5068   0.02802   0.01962  -0.0409  0.9782  0.2389  -2.8049   0.0000   0.1601
  -4.900  -0.4931   0.02774   0.01934  -0.0417  0.9754  0.2536  -2.7411   0.0000   0.1562
  -4.800  -0.4786   0.02743   0.01919  -0.0427  0.9729  0.2704  -2.6688   0.0000   0.1515
  -4.700  -0.4621   0.02714   0.01889  -0.0440  0.9706  0.2911  -2.5900   0.0000   0.1455
  -4.600  -0.4496   0.02680   0.01868  -0.0446  0.9676  0.3132  -2.5280   0.0000   0.1414
  -4.500  -0.4387   0.02632   0.01849  -0.0449  0.9643  0.3403  -2.4713   0.0000   0.1383
  -4.400  -0.4259   0.02584   0.01838  -0.0455  0.9613  0.3862  -2.4100   0.0000   0.1337
  -4.300  -0.4137   0.02572   0.01887  -0.0454  0.9583  0.4544  -2.3449   0.0000   0.1308
  -4.200  -0.3997   0.02636   0.01982  -0.0450  0.9554  0.5185  -2.2697   0.0000   0.1280
  -4.100  -0.3912   0.02687   0.02035  -0.0439  0.9513  0.5539  -2.2114   0.0000   0.1283
  -4.000  -0.3815   0.02731   0.02070  -0.0435  0.9471  0.5827  -2.1509   0.0000   0.1266
  -3.900  -0.3732   0.02798   0.02145  -0.0418  0.9434  0.5970  -2.0895   0.0000   0.1285
  -3.800  -0.3589   0.02854   0.02187  -0.0422  0.9403  0.6191  -2.0152   0.0000   0.1230
  -3.700  -0.3474   0.02921   0.02260  -0.0410  0.9378  0.6297  -1.9452   0.0000   0.1223
  -3.600  -0.3392   0.02976   0.02314  -0.0397  0.9348  0.6402  -1.8868   0.0000   0.1233
  -3.500  -0.3343   0.02998   0.02330  -0.0386  0.9309  0.6516  -1.8417   0.0000   0.1250
  -3.400  -0.3256   0.03021   0.02346  -0.0381  0.9274  0.6622  -1.7864   0.0000   0.1235
  -3.300  -0.3183   0.03061   0.02388  -0.0366  0.9241  0.6687  -1.7315   0.0000   0.1257
  -3.200  -0.3077   0.03104   0.02429  -0.0357  0.9210  0.6771  -1.6685   0.0000   0.1244
  -3.100  -0.2930   0.03144   0.02461  -0.0360  0.9183  0.6885  -1.5961   0.0000   0.1175
  -3.000  -0.2752   0.03181   0.02488  -0.0370  0.9160  0.7000  -1.5170   0.0000   0.1056
  -2.900  -0.2768   0.03192   0.02501  -0.0342  0.9113  0.7046  -1.4901   0.0000   0.1166
  -2.800  -0.2736   0.03214   0.02524  -0.0322  0.9068  0.7108  -1.4499   0.0000   0.1227
  -2.700  -0.2656   0.03240   0.02547  -0.0311  0.9029  0.7190  -1.3976   0.0000   0.1233
  -2.600  -0.2527   0.03263   0.02563  -0.0313  0.8994  0.7295  -1.3347   0.0000   0.1164
  -2.500  -0.2392   0.03283   0.02577  -0.0314  0.8965  0.7385  -1.2701   0.0000   0.1090
  -2.400  -0.2280   0.03316   0.02610  -0.0302  0.8941  0.7454  -1.2093   0.0000   0.1076
  -2.300  -0.2148   0.03354   0.02645  -0.0296  0.8919  0.7537  -1.1476   0.0000   0.1018
  -2.200  -0.2200   0.03351   0.02634  -0.0271  0.8870  0.7597  -1.1390   0.0000   0.1170
  -2.100  -0.2146   0.03361   0.02638  -0.0265  0.8830  0.7682  -1.0995   0.0000   0.1166
  -2.000  -0.2084   0.03365   0.02640  -0.0256  0.8796  0.7749  -1.0566   0.0000   0.1177
  -1.900  -0.2027   0.03378   0.02653  -0.0238  0.8765  0.7811  -1.0130   0.0000   0.1231
  -1.800  -0.1936   0.03396   0.02669  -0.0227  0.8736  0.7888  -0.9617   0.0000   0.1231
  -1.700  -0.1808   0.03414   0.02682  -0.0226  0.8709  0.7982  -0.9031   0.0000   0.1153
  -1.600  -0.1641   0.03431   0.02692  -0.0236  0.8686  0.8078  -0.8372   0.0000   0.0961
  -1.500  -0.1507   0.03445   0.02705  -0.0226  0.8667  0.8147  -0.8057   0.0000   0.0891
  -1.400  -0.1607   0.03438   0.02699  -0.0193  0.8608  0.8195  -0.8068   0.0000   0.1201
  -1.300  -0.1591   0.03440   0.02700  -0.0176  0.8561  0.8263  -0.7953   0.0000   0.1300
  -1.200  -0.1519   0.03443   0.02700  -0.0170  0.8521  0.8342  -0.7784   0.0000   0.1288
  -1.100  -0.1411   0.03444   0.02696  -0.0171  0.8486  0.8413  -0.7581   0.0000   0.1192
  -1.000  -0.1299   0.03440   0.02689  -0.0164  0.8457  0.8470  -0.7361   0.0000   0.1142
  -0.900  -0.1150   0.03445   0.02691  -0.0165  0.8433  0.8532  -0.7107   0.0000   0.0960
  -0.800  -0.0981   0.03452   0.02693  -0.0173  0.8413  0.8593  -0.6839   0.0000   0.0628
  -0.700  -0.0803   0.03461   0.02697  -0.0184  0.8395  0.8651  -0.6566   0.0000   0.0082
  -0.600  -0.0867   0.03465   0.02699  -0.0164  0.8348  0.8701  -0.6551   0.0000   0.0497
  -0.500  -0.0893   0.03460   0.02695  -0.0145  0.8302  0.8742  -0.6490   0.0000   0.0773
  -0.400  -0.0839   0.03460   0.02694  -0.0137  0.8264  0.8785  -0.6345   0.0000   0.0765
  -0.300  -0.0747   0.03463   0.02694  -0.0136  0.8231  0.8830  -0.6162   0.0000   0.0580
  -0.200  -0.0627   0.03464   0.02692  -0.0139  0.8199  0.8876  -0.5953   0.0000   0.0173
  -0.100  -0.0483   0.03463   0.02688  -0.0146  0.8170  0.8922  -0.5723   0.0000  -0.0646
   0.000  -0.0321   0.03462   0.02681  -0.0156  0.8145  0.8964  -0.5494   0.0000  -0.2537
   0.100  -0.0142   0.03460   0.02675  -0.0169  0.8122  0.8999  -0.5270   0.0000  -0.9692
   0.200   0.0095   0.03459   0.02670  -0.0189  0.8104  0.9024  -0.5141   0.0000   2.2762
   0.400   0.0080   0.03479   0.02689  -0.0163  0.7999  0.9098  -0.5128   0.0000   2.3138
   0.500   0.0148   0.03484   0.02688  -0.0161  0.7954  0.9137  -0.5169   0.0000   1.3486
   0.600   0.0249   0.03486   0.02688  -0.0163  0.7917  0.9178  -0.5234   0.0000   0.9062
   0.700   0.0366   0.03488   0.02687  -0.0167  0.7887  0.9218  -0.5309   0.0000   0.7062
   0.800   0.0500   0.03488   0.02684  -0.0174  0.7861  0.9254  -0.5396   0.0000   0.5959
   0.900   0.0709   0.03491   0.02685  -0.0192  0.7839  0.9278  -0.5527   0.0000   0.5179
   1.000   0.0928   0.03495   0.02686  -0.0211  0.7819  0.9301  -0.5666   0.0000   0.4744
   1.100   0.1160   0.03498   0.02686  -0.0233  0.7803  0.9321  -0.5813   0.0000   0.4470
   1.200   0.1406   0.03502   0.02687  -0.0256  0.7789  0.9340  -0.5971   0.0000   0.4282
   1.300   0.1610   0.03514   0.02696  -0.0273  0.7769  0.9364  -0.6101   0.0000   0.4160
   1.400   0.1250   0.03569   0.02756  -0.0218  0.7672  0.9443  -0.5847   0.0000   0.4197
   1.500   0.1333   0.03582   0.02769  -0.0220  0.7627  0.9483  -0.5903   0.0000   0.4101
   1.600   0.1531   0.03592   0.02778  -0.0239  0.7590  0.9509  -0.6033   0.0000   0.4009
   1.700   0.1754   0.03596   0.02781  -0.0260  0.7560  0.9536  -0.6184   0.0000   0.3931
   1.800   0.1987   0.03596   0.02779  -0.0282  0.7533  0.9561  -0.6344   0.0000   0.3867
   1.900   0.2232   0.03592   0.02773  -0.0305  0.7510  0.9585  -0.6514   0.0000   0.3814
   2.000   0.2484   0.03585   0.02764  -0.0328  0.7492  0.9605  -0.6692   0.0000   0.3769
   2.100   0.2740   0.03577   0.02755  -0.0352  0.7477  0.9623  -0.6873   0.0000   0.3733
   2.200   0.3000   0.03569   0.02746  -0.0376  0.7464  0.9639  -0.7058   0.0000   0.3702
   2.300   0.3247   0.03565   0.02741  -0.0398  0.7452  0.9656  -0.7235   0.0000   0.3674
   2.500   0.3052   0.03753   0.02936  -0.0378  0.7291  0.9767  -0.7031   0.0000   0.3682
   2.600   0.3221   0.03765   0.02949  -0.0393  0.7255  0.9798  -0.7145   0.0000   0.3663
   2.700   0.3451   0.03767   0.02954  -0.0416  0.7225  0.9818  -0.7304   0.0000   0.3647
   2.800   0.3718   0.03758   0.02945  -0.0443  0.7200  0.9836  -0.7501   0.0000   0.3632
   2.900   0.4004   0.03740   0.02927  -0.0471  0.7179  0.9853  -0.7720   0.0000   0.3617
   3.000   0.4304   0.03714   0.02901  -0.0499  0.7163  0.9870  -0.7952   0.0000   0.3603
   3.100   0.4614   0.03682   0.02869  -0.0529  0.7149  0.9885  -0.8199   0.0000   0.3589
   3.200   0.4920   0.03650   0.02837  -0.0558  0.7137  0.9900  -0.8455   0.0000   0.3577
   3.400   0.5530   0.03591   0.02779  -0.0617  0.7116  0.9923  -0.8967   0.0000   0.3558
   3.800   0.4463   0.03938   0.03127  -0.0450  0.6843  1.0000  -0.8194   0.0000   0.3439
   3.900   0.4640   0.03923   0.03112  -0.0459  0.6824  1.0000  -0.8370   0.0000   0.3420
   4.000   0.4847   0.03898   0.03088  -0.0472  0.6808  1.0000  -0.8574   0.0000   0.3403
   4.100   0.5079   0.03865   0.03055  -0.0486  0.6795  1.0000  -0.8818   0.0000   0.3386
   4.200   0.5305   0.03832   0.03023  -0.0499  0.6781  1.0000  -0.9061   0.0000   0.3370
   4.300   0.5550   0.03793   0.02985  -0.0514  0.6769  1.0000  -0.9323   0.0000   0.3355
   5.000   0.5887   0.04138   0.03333  -0.0515  0.6453  1.0000  -0.9927   0.0000   0.3295
   5.100   0.6112   0.04099   0.03296  -0.0527  0.6440  1.0000  -1.0233   0.0000   0.3281
   5.200   0.6342   0.04053   0.03252  -0.0537  0.6427  1.0000  -1.0582   0.0000   0.3266
   5.300   0.6587   0.03996   0.03206  -0.0548  0.6416  1.0000  -1.0953   0.0000   0.3251
   5.900   0.6837   0.04391   0.03605  -0.0547  0.6104  1.0000  -1.1643   0.0000   0.3210
   6.000   0.7078   0.04315   0.03532  -0.0554  0.6090  1.0000  -1.2093   0.0000   0.3194
   6.100   0.7325   0.04228   0.03447  -0.0562  0.6078  1.0000  -1.2604   0.0000   0.3177
   6.200   0.7589   0.04130   0.03352  -0.0570  0.6067  1.0000  -1.3148   0.0000   0.3161
   6.300   0.7877   0.04025   0.03250  -0.0583  0.6057  1.0000  -1.3734   0.0000   0.3148
   6.500   0.7095   0.04805   0.04025  -0.0539  0.5801  1.0000  -1.2581   0.0000   0.3162
   6.600   0.7305   0.04743   0.03966  -0.0543  0.5779  1.0000  -1.3040   0.0000   0.3146
   6.700   0.7547   0.04649   0.03875  -0.0548  0.5762  1.0000  -1.3562   0.0000   0.3128
   6.800   0.7814   0.04524   0.03754  -0.0554  0.5748  1.0000  -1.4163   0.0000   0.3110
   6.900   0.8093   0.04377   0.03610  -0.0558  0.5736  1.0000  -1.4869   0.0000   0.3090
   7.000   0.8404   0.04209   0.03447  -0.0565  0.5725  1.0000  -1.5646   0.0000   0.3073
   7.100   0.8744   0.04039   0.03281  -0.0578  0.5714  1.0000  -1.6482   0.0000   0.3060
   7.200   0.9149   0.03845   0.03091  -0.0598  0.5702  1.0000  -1.7455   0.0000   0.3053
   7.300   0.9580   0.03658   0.02923  -0.0624  0.5684  1.0000  -1.8607   0.0000   0.3050
   7.500   0.8422   0.04658   0.03903  -0.0537  0.5422  1.0000  -1.6362   0.0000   0.3030
   7.600   0.8731   0.04456   0.03706  -0.0539  0.5410  1.0000  -1.7180   0.0000   0.3009
   7.700   0.9084   0.04233   0.03503  -0.0546  0.5397  1.0000  -1.8203   0.0000   0.2993
   7.800   0.9547   0.03939   0.03217  -0.0563  0.5385  1.0000  -1.9513   0.0000   0.2981
   7.900   1.0139   0.03607   0.02890  -0.0599  0.5363  1.0000  -2.1170   0.0000   0.2981
   8.000   1.0737   0.03319   0.02599  -0.0642  0.5322  1.0000  -2.2864   0.0000   0.2987
   8.100   1.0352   0.03593   0.02882  -0.0593  0.5255  1.0000  -2.2120   0.0000   0.2960
   8.200   0.9758   0.04050   0.03340  -0.0536  0.5161  1.0000  -2.0833   0.0000   0.2934
   8.300   1.0069   0.03864   0.03159  -0.0544  0.5115  1.0000  -2.1837   0.0000   0.2924
   8.400   1.0544   0.03585   0.02884  -0.0567  0.5068  1.0000  -2.3267   0.0000   0.2921
   8.500   1.1155   0.03270   0.02565  -0.0611  0.5006  1.0000  -2.5053   0.0000   0.2929
   8.600   1.1467   0.03161   0.02450  -0.0629  0.4937  1.0000  -2.6085   0.0000   0.2929
   8.700   1.1312   0.03274   0.02575  -0.0598  0.4877  1.0000  -2.5916   0.0000   0.2907
   8.800   1.1262   0.03334   0.02642  -0.0578  0.4808  1.0000  -2.6018   0.0000   0.2890
   8.900   1.1438   0.03261   0.02568  -0.0579  0.4727  1.0000  -2.6718   0.0000   0.2882
   9.000   1.1841   0.03069   0.02363  -0.0604  0.4626  1.0000  -2.8030   0.0000   0.2884
   9.100   1.1916   0.03069   0.02363  -0.0597  0.4546  1.0000  -2.8471   0.0000   0.2873
   9.200   1.1859   0.03120   0.02424  -0.0574  0.4472  1.0000  -2.8562   0.0000   0.2855
   9.300   1.1921   0.03108   0.02413  -0.0564  0.4382  1.0000  -2.8975   0.0000   0.2843
   9.400   1.2137   0.03017   0.02321  -0.0570  0.4274  1.0000  -2.9830   0.0000   0.2837
   9.500   1.2202   0.03020   0.02322  -0.0561  0.4180  1.0000  -3.0252   0.0000   0.2826
   9.600   1.2151   0.03059   0.02369  -0.0539  0.4100  1.0000  -3.0363   0.0000   0.2808
   9.700   1.2183   0.03056   0.02365  -0.0525  0.4001  1.0000  -3.0709   0.0000   0.2793
   9.800   1.2371   0.03000   0.02285  -0.0528  0.3867  1.0000  -3.1477   0.0000   0.2788
   9.900   1.2290   0.03056   0.02353  -0.0503  0.3790  1.0000  -3.1502   0.0000   0.2768
  10.000   1.2265   0.03091   0.02391  -0.0485  0.3691  1.0000  -3.1680   0.0000   0.2752
  10.100   1.2338   0.03078   0.02363  -0.0475  0.3567  1.0000  -3.2139   0.0000   0.2741
  10.200   1.2326   0.03121   0.02404  -0.0459  0.3459  1.0000  -3.2342   0.0000   0.2726
  10.300   1.2285   0.03172   0.02458  -0.0441  0.3353  1.0000  -3.2468   0.0000   0.2711
  10.400   1.2318   0.03188   0.02455  -0.0429  0.3225  1.0000  -3.2815   0.0000   0.2698
  10.500   1.2293   0.03248   0.02512  -0.0413  0.3112  1.0000  -3.2969   0.0000   0.2684
  10.600   1.2255   0.03310   0.02574  -0.0397  0.3001  1.0000  -3.3094   0.0000   0.2670
  10.700   1.2280   0.03347   0.02584  -0.0386  0.2872  1.0000  -3.3426   0.0000   0.2658
  10.800   1.2232   0.03429   0.02672  -0.0371  0.2770  1.0000  -3.3533   0.0000   0.2645
  10.900   1.2201   0.03503   0.02743  -0.0357  0.2665  1.0000  -3.3710   0.0000   0.2633
  11.000   1.2225   0.03559   0.02768  -0.0348  0.2542  1.0000  -3.4081   0.0000   0.2623
  11.100   1.2182   0.03652   0.02870  -0.0335  0.2453  1.0000  -3.4186   0.0000   0.2612
  11.200   1.2157   0.03734   0.02951  -0.0324  0.2362  1.0000  -3.4370   0.0000   0.2601
  11.300   1.2184   0.03801   0.02991  -0.0316  0.2257  1.0000  -3.4729   0.0000   0.2592
  11.400   1.2176   0.03893   0.03086  -0.0307  0.2174  1.0000  -3.4920   0.0000   0.2583
  11.500   1.2167   0.03980   0.03175  -0.0298  0.2096  1.0000  -3.5121   0.0000   0.2574
  11.600   1.2177   0.04058   0.03243  -0.0290  0.2020  1.0000  -3.5404   0.0000   0.2565
  11.700   1.2250   0.04135   0.03299  -0.0285  0.1924  1.0000  -3.5842   0.0000   0.2558
  11.800   1.2243   0.04228   0.03401  -0.0277  0.1866  1.0000  -3.6022   0.0000   0.2550
  11.900   1.2256   0.04312   0.03486  -0.0270  0.1805  1.0000  -3.6278   0.0000   0.2543
  12.000   1.2279   0.04390   0.03558  -0.0264  0.1747  1.0000  -3.6587   0.0000   0.2535
  12.100   1.2413   0.04465   0.03609  -0.0263  0.1657  1.0000  -3.7193   0.0000   0.2531
  12.200   1.2398   0.04560   0.03716  -0.0255  0.1621  1.0000  -3.7344   0.0000   0.2523
  12.300   1.2398   0.04650   0.03814  -0.0249  0.1578  1.0000  -3.7550   0.0000   0.2516
  12.400   1.2410   0.04733   0.03897  -0.0243  0.1534  1.0000  -3.7815   0.0000   0.2510
  12.500   1.2435   0.04807   0.03966  -0.0238  0.1490  1.0000  -3.8151   0.0000   0.2504
  12.600   1.2612   0.04884   0.04014  -0.0240  0.1407  1.0000  -3.8922   0.0000   0.2502
  12.700   1.2583   0.04980   0.04124  -0.0233  0.1387  1.0000  -3.9036   0.0000   0.2494
  12.800   1.2569   0.05077   0.04232  -0.0226  0.1362  1.0000  -3.9190   0.0000   0.2487
  12.900   1.2571   0.05172   0.04335  -0.0221  0.1333  1.0000  -3.9392   0.0000   0.2481
  13.000   1.2592   0.05263   0.04433  -0.0216  0.1305  1.0000  -3.9646   0.0000   0.2476
  13.100   1.2626   0.05349   0.04521  -0.0212  0.1277  1.0000  -3.9949   0.0000   0.2470
  13.200   1.2677   0.05427   0.04598  -0.0209  0.1249  1.0000  -4.0320   0.0000   0.2465
  13.300   1.2774   0.05495   0.04658  -0.0207  0.1218  1.0000  -4.0845   0.0000   0.2461
  13.400   1.3008   0.05654   0.04816  -0.0213  0.1168  1.0000  -4.1618   0.0000   0.2463
  13.500   1.2991   0.05759   0.04934  -0.0207  0.1159  1.0000  -4.1741   0.0000   0.2456
  13.600   1.2976   0.05871   0.05059  -0.0201  0.1149  1.0000  -4.1849   0.0000   0.2450
  13.700   1.2961   0.05990   0.05190  -0.0196  0.1138  1.0000  -4.1947   0.0000   0.2444
  13.800   1.2947   0.06114   0.05326  -0.0191  0.1127  1.0000  -4.2040   0.0000   0.2439
  13.900   1.2933   0.06242   0.05466  -0.0187  0.1116  1.0000  -4.2128   0.0000   0.2434
  14.000   1.2916   0.06376   0.05610  -0.0182  0.1105  1.0000  -4.2205   0.0000   0.2429
  14.100   1.2894   0.06514   0.05759  -0.0179  0.1094  1.0000  -4.2263   0.0000   0.2424
  14.200   1.2870   0.06657   0.05912  -0.0175  0.1085  1.0000  -4.2309   0.0000   0.2420
  14.300   1.2837   0.06807   0.06071  -0.0172  0.1076  1.0000  -4.2327   0.0000   0.2416
  14.400   1.2801   0.06961   0.06235  -0.0169  0.1068  1.0000  -4.2331   0.0000   0.2412
  14.500   1.2756   0.07123   0.06407  -0.0167  0.1061  1.0000  -4.2304   0.0000   0.2409
  14.600   1.2707   0.07291   0.06585  -0.0166  0.1054  1.0000  -4.2257   0.0000   0.2406
  14.700   1.2653   0.07465   0.06769  -0.0165  0.1048  1.0000  -4.2191   0.0000   0.2404
  14.800   1.2592   0.07647   0.06961  -0.0164  0.1043  1.0000  -4.2095   0.0000   0.2403
  14.900   1.2521   0.07841   0.07164  -0.0165  0.1039  1.0000  -4.1958   0.0000   0.2402
  15.000   1.2441   0.08045   0.07378  -0.0166  0.1036  1.0000  -4.1782   0.0000   0.2402
  15.100   1.2348   0.08264   0.07608  -0.0169  0.1033  1.0000  -4.1552   0.0000   0.2402
  15.200   1.2239   0.08507   0.07861  -0.0173  0.1032  1.0000  -4.1248   0.0000   0.2405
  15.300   1.2115   0.08773   0.08139  -0.0179  0.1032  1.0000  -4.0875   0.0000   0.2409
  15.400   1.1965   0.09081   0.08459  -0.0188  0.1034  1.0000  -4.0380   0.0000   0.2416
  15.500   1.1792   0.09431   0.08821  -0.0200  0.1037  1.0000  -3.9770   0.0000   0.2427
  15.600   1.1559   0.09881   0.09286  -0.0220  0.1045  1.0000  -3.8869   0.0000   0.2445
  15.700   1.1110   0.10688   0.10102  -0.0264  0.1068  1.0000  -3.6928   0.0000   0.2491
  15.800   1.0416   0.12087   0.11518  -0.0349  0.1108  1.0000  -3.3570   0.0000   0.2588
  15.900   0.9861   0.13502   0.12936  -0.0432  0.1137  1.0000  -3.0348   0.0000   0.2693
  16.000   0.9589   0.14417   0.13850  -0.0481  0.1148  1.0000  -2.8464   0.0000   0.2758
  16.100   0.9437   0.15079   0.14511  -0.0514  0.1153  1.0000  -2.7245   0.0000   0.2802
  16.200   0.9347   0.15576   0.15008  -0.0538  0.1157  1.0000  -2.6439   0.0000   0.2832
  16.300   0.9289   0.15983   0.15414  -0.0556  0.1160  1.0000  -2.5856   0.0000   0.2855
  16.400   0.9255   0.16334   0.15765  -0.0570  0.1163  1.0000  -2.5426   0.0000   0.2872
  16.500   0.9241   0.16645   0.16077  -0.0581  0.1167  1.0000  -2.5130   0.0000   0.2884
  16.700   0.8938   0.18683   0.18116  -0.0681  0.1430  1.0000  -2.1050   0.0000   0.3024
  16.800   0.8683   0.20892   0.20324  -0.0775  0.1938  1.0000  -1.7657   0.0000   0.3164
  16.900   0.8484   0.20626   0.20052  -0.0809  0.1919  1.0000  -1.6821   0.0000   0.3223
  17.000   0.8361   0.20523   0.19945  -0.0836  0.1872  1.0000  -1.6258   0.0000   0.3266
  17.100   0.8360   0.20647   0.20069  -0.0847  0.1846  1.0000  -1.6150   0.0000   0.3277
  17.200   0.8375   0.20789   0.20211  -0.0855  0.1824  1.0000  -1.6108   0.0000   0.3283
  17.300   0.8398   0.20937   0.20360  -0.0862  0.1805  1.0000  -1.6104   0.0000   0.3287
  17.400   0.8427   0.21088   0.20512  -0.0867  0.1788  1.0000  -1.6126   0.0000   0.3289
  17.500   0.8461   0.21242   0.20667  -0.0872  0.1772  1.0000  -1.6173   0.0000   0.3288
  17.600   0.8503   0.21398   0.20824  -0.0876  0.1757  1.0000  -1.6255   0.0000   0.3286
  17.700   0.8561   0.21558   0.20986  -0.0876  0.1739  1.0000  -1.6425   0.0000   0.3278
  17.800   0.8662   0.21752   0.21183  -0.0870  0.1718  1.0000  -1.6796   0.0000   0.3257
  17.900   0.9086   0.22967   0.22410  -0.0813  0.1672  1.0000  -1.8491   0.0000   0.3149
  18.000   0.9040   0.23036   0.22477  -0.0831  0.1669  1.0000  -1.8151   0.0000   0.3171
  18.100   0.8980   0.23052   0.22491  -0.0851  0.1665  1.0000  -1.7759   0.0000   0.3198
  18.200   0.8883   0.22968   0.22404  -0.0875  0.1658  1.0000  -1.7227   0.0000   0.3233
  18.300   0.8740   0.22767   0.22199  -0.0906  0.1641  1.0000  -1.6530   0.0000   0.3282
  18.400   0.8663   0.22731   0.22160  -0.0931  0.1600  1.0000  -1.6063   0.0000   0.3317
  18.500   0.8668   0.22843   0.22272  -0.0941  0.1562  1.0000  -1.5969   0.0000   0.3327
  18.600   0.8693   0.22985   0.22415  -0.0948  0.1537  1.0000  -1.6000   0.0000   0.3329
  18.700   0.8724   0.23137   0.22568  -0.0953  0.1517  1.0000  -1.6137   0.0000   0.3329
  18.800   0.8763   0.23291   0.22723  -0.0956  0.1499  1.0000  -1.6317   0.0000   0.3327
  18.900   0.8810   0.23452   0.22886  -0.0958  0.1482  1.0000  -1.6546   0.0000   0.3321
  19.000   0.8868   0.23626   0.23063  -0.0958  0.1467  1.0000  -1.6838   0.0000   0.3312
  19.100   0.8941   0.23833   0.23272  -0.0955  0.1453  1.0000  -1.7215   0.0000   0.3299
  19.200   0.9041   0.24115   0.23557  -0.0948  0.1440  1.0000  -1.7726   0.0000   0.3277
  19.300   0.9203   0.24626   0.24074  -0.0933  0.1427  1.0000  -1.8520   0.0000   0.3242
  19.500   0.9337   0.25760   0.25210  -0.0930  0.1411  1.0000  -1.9005   0.0000   0.3222
  19.600   0.9304   0.25827   0.25276  -0.0946  0.1409  1.0000  -1.8728   0.0000   0.3242
  19.700   0.9254   0.25831   0.25278  -0.0966  0.1406  1.0000  -1.8364   0.0000   0.3266
  19.800   0.9167   0.25718   0.25162  -0.0989  0.1400  1.0000  -1.7840   0.0000   0.3299
  19.900   0.9052   0.25523   0.24964  -0.1020  0.1385  1.0000  -1.7134   0.0000   0.3344
  20.000   0.9002   0.25530   0.24968  -0.1043  0.1356  1.0000  -1.6726   0.0000   0.3374


