QBlade v0.963 64bit

 Calculated polar for: SG6040

 1 1 Reynolds number fixed          Mach number fixed         

 xtrf =   1.000 (top)        1.000 (bottom)
 Mach =   0.000     Re =     0.050 e 6     Ncrit =   9.000

  alpha     CL        CD       CDp       Cm    Top Xtr Bot Xtr   Cpmin    Chinge    XCp    
 ------- -------- --------- --------- -------- ------- ------- -------- --------- ---------
 -10.000  -0.4840   0.08592   0.07890  -0.0634  1.0000  0.1026  -2.4336   0.0000   0.1024
  -9.900  -0.4907   0.08415   0.07716  -0.0632  1.0000  0.1021  -2.4596   0.0000   0.1049
  -9.800  -0.4990   0.08245   0.07549  -0.0630  1.0000  0.1016  -2.4884   0.0000   0.1079
  -9.700  -0.5087   0.08084   0.07392  -0.0626  1.0000  0.1011  -2.5188   0.0000   0.1113
  -9.600  -0.5195   0.07936   0.07246  -0.0621  1.0000  0.1006  -2.5498   0.0000   0.1153
  -9.500  -0.5315   0.07801   0.07114  -0.0614  1.0000  0.1001  -2.5807   0.0000   0.1197
  -9.400  -0.5443   0.07681   0.06996  -0.0605  1.0000  0.0996  -2.6110   0.0000   0.1246
  -9.300  -0.5578   0.07576   0.06895  -0.0593  1.0000  0.0992  -2.6402   0.0000   0.1298
  -9.200  -0.5719   0.07485   0.06806  -0.0579  1.0000  0.0988  -2.6682   0.0000   0.1353
  -9.100  -0.5861   0.07401   0.06724  -0.0563  1.0000  0.0985  -2.6953   0.0000   0.1408
  -9.000  -0.5993   0.07302   0.06626  -0.0550  1.0000  0.0981  -2.7225   0.0000   0.1455
  -8.900  -0.6115   0.07192   0.06516  -0.0537  1.0000  0.0977  -2.7495   0.0000   0.1498
  -8.800  -0.6232   0.07079   0.06401  -0.0525  1.0000  0.0973  -2.7761   0.0000   0.1537
  -8.700  -0.6343   0.06961   0.06281  -0.0513  1.0000  0.0969  -2.8022   0.0000   0.1574
  -8.600  -0.6447   0.06840   0.06156  -0.0501  1.0000  0.0965  -2.8279   0.0000   0.1607
  -8.500  -0.6544   0.06714   0.06025  -0.0490  1.0000  0.0961  -2.8531   0.0000   0.1638
  -8.400  -0.6633   0.06584   0.05890  -0.0479  1.0000  0.0957  -2.8777   0.0000   0.1667
  -8.300  -0.6714   0.06451   0.05749  -0.0469  1.0000  0.0953  -2.9017   0.0000   0.1693
  -8.200  -0.6787   0.06314   0.05605  -0.0459  1.0000  0.0950  -2.9250   0.0000   0.1717
  -8.100  -0.6850   0.06175   0.05457  -0.0449  1.0000  0.0946  -2.9473   0.0000   0.1738
  -8.000  -0.6903   0.06034   0.05306  -0.0441  1.0000  0.0943  -2.9686   0.0000   0.1757
  -7.900  -0.6946   0.05892   0.05153  -0.0432  1.0000  0.0941  -2.9885   0.0000   0.1775
  -7.800  -0.6979   0.05751   0.04999  -0.0425  1.0000  0.0939  -3.0070   0.0000   0.1790
  -7.700  -0.7002   0.05610   0.04845  -0.0417  1.0000  0.0938  -3.0238   0.0000   0.1803
  -7.600  -0.7016   0.05472   0.04693  -0.0410  1.0000  0.0939  -3.0388   0.0000   0.1815
  -7.500  -0.7020   0.05336   0.04543  -0.0404  1.0000  0.0940  -3.0520   0.0000   0.1826
  -7.400  -0.7014   0.05203   0.04395  -0.0398  1.0000  0.0942  -3.0634   0.0000   0.1835
  -7.300  -0.7000   0.05074   0.04251  -0.0392  1.0000  0.0946  -3.0730   0.0000   0.1842
  -7.200  -0.6978   0.04949   0.04111  -0.0387  1.0000  0.0951  -3.0812   0.0000   0.1849
  -7.100  -0.6948   0.04828   0.03973  -0.0382  1.0000  0.0958  -3.0883   0.0000   0.1855
  -7.000  -0.6911   0.04710   0.03839  -0.0377  1.0000  0.0967  -3.0946   0.0000   0.1859
  -6.900  -0.6868   0.04597   0.03709  -0.0372  1.0000  0.0978  -3.1007   0.0000   0.1863
  -6.800  -0.6820   0.04488   0.03582  -0.0368  1.0000  0.0992  -3.1070   0.0000   0.1867
  -6.700  -0.6765   0.04385   0.03459  -0.0363  1.0000  0.1008  -3.1140   0.0000   0.1870
  -6.600  -0.6707   0.04293   0.03345  -0.0358  1.0000  0.1026  -3.1213   0.0000   0.1872
  -6.500  -0.6644   0.04221   0.03253  -0.0354  1.0000  0.1044  -3.1275   0.0000   0.1875
  -6.400  -0.6580   0.04032   0.03068  -0.0351  1.0000  0.1077  -3.1301   0.0000   0.1874
  -6.300  -0.6517   0.03954   0.02999  -0.0347  1.0000  0.1115  -3.1123   0.0000   0.1876
  -6.200  -0.6454   0.03894   0.02940  -0.0342  1.0000  0.1163  -3.0986   0.0000   0.1878
  -6.100  -0.6392   0.03852   0.02888  -0.0339  1.0000  0.1236  -3.0868   0.0000   0.1880
  -6.000  -0.6331   0.03772   0.02798  -0.0336  1.0000  0.1322  -3.0825   0.0000   0.1880
  -5.900  -0.6280   0.03731   0.02783  -0.0332  1.0000  0.1417  -3.0443   0.0000   0.1882
  -5.800  -0.6217   0.03702   0.02738  -0.0329  1.0000  0.1540  -3.0371   0.0000   0.1882
  -5.700  -0.6154   0.03588   0.02647  -0.0325  1.0000  0.1662  -3.0285   0.0000   0.1884
  -5.600  -0.6082   0.03526   0.02579  -0.0321  1.0000  0.1809  -3.0286   0.0000   0.1886
  -5.500  -0.6020   0.03438   0.02508  -0.0317  1.0000  0.1962  -3.0104   0.0000   0.1888
  -5.400  -0.5955   0.03412   0.02476  -0.0315  1.0000  0.2139  -2.9844   0.0000   0.1886
  -5.300  -0.5892   0.03332   0.02420  -0.0310  1.0000  0.2287  -2.9539   0.0000   0.1890
  -5.200  -0.5817   0.03289   0.02374  -0.0307  1.0000  0.2433  -2.9245   0.0000   0.1889
  -5.100  -0.5746   0.03226   0.02319  -0.0303  1.0000  0.2575  -2.8892   0.0000   0.1890
  -5.000  -0.5679   0.03193   0.02298  -0.0299  1.0000  0.2722  -2.8474   0.0000   0.1892
  -4.900  -0.5597   0.03145   0.02242  -0.0297  1.0000  0.2862  -2.8108   0.0000   0.1887
  -4.800  -0.5530   0.03099   0.02216  -0.0291  1.0000  0.2991  -2.7674   0.0000   0.1892
  -4.700  -0.5449   0.03065   0.02178  -0.0290  1.0000  0.3153  -2.7252   0.0000   0.1888
  -4.600  -0.5381   0.03017   0.02152  -0.0284  1.0000  0.3307  -2.6811   0.0000   0.1892
  -4.500  -0.5302   0.02983   0.02122  -0.0281  1.0000  0.3493  -2.6363   0.0000   0.1890
  -4.400  -0.5231   0.02940   0.02091  -0.0275  1.0000  0.3682  -2.5859   0.0000   0.1896
  -4.300  -0.5149   0.02902   0.02064  -0.0272  1.0000  0.3935  -2.5439   0.0000   0.1894
  -4.200  -0.5091   0.02881   0.02076  -0.0261  1.0000  0.4206  -2.5020   0.0000   0.1910
  -4.100  -0.5044   0.02884   0.02115  -0.0245  1.0000  0.4527  -2.4611   0.0000   0.1937
  -4.000  -0.5007   0.02917   0.02178  -0.0224  1.0000  0.4879  -2.4206   0.0000   0.1976
  -3.900  -0.4976   0.02973   0.02253  -0.0201  1.0000  0.5234  -2.3804   0.0000   0.2022
  -3.800  -0.4950   0.03036   0.02325  -0.0176  1.0000  0.5561  -2.3410   0.0000   0.2072
  -3.700  -0.4919   0.03096   0.02386  -0.0154  1.0000  0.5869  -2.3006   0.0000   0.2115
  -3.600  -0.4910   0.03164   0.02460  -0.0123  1.0000  0.6057  -2.2627   0.0000   0.2179
  -3.500  -0.4882   0.03213   0.02506  -0.0101  1.0000  0.6274  -2.2225   0.0000   0.2224
  -3.400  -0.4875   0.03270   0.02565  -0.0071  1.0000  0.6418  -2.1851   0.0000   0.2286
  -3.300  -0.4831   0.03303   0.02590  -0.0056  1.0000  0.6623  -2.1424   0.0000   0.2315
  -3.200  -0.4831   0.03348   0.02637  -0.0024  1.0000  0.6719  -2.1069   0.0000   0.2383
  -3.100  -0.4806   0.03383   0.02668  -0.0003  1.0000  0.6864  -2.0675   0.0000   0.2428
  -3.000  -0.4767   0.03404   0.02682   0.0011  1.0000  0.7014  -2.0259   0.0000   0.2459
  -2.900  -0.4767   0.03436   0.02716   0.0042  1.0000  0.7105  -1.9914   0.0000   0.2524
  -2.800  -0.4746   0.03463   0.02739   0.0063  1.0000  0.7235  -1.9532   0.0000   0.2571
  -2.700  -0.4703   0.03478   0.02746   0.0075  1.0000  0.7377  -1.9118   0.0000   0.2597
  -2.600  -0.4706   0.03497   0.02766   0.0105  1.0000  0.7463  -1.8788   0.0000   0.2664
  -2.500  -0.4689   0.03516   0.02782   0.0128  1.0000  0.7578  -1.8422   0.0000   0.2713
  -2.400  -0.4635   0.03527   0.02784   0.0133  1.0000  0.7721  -1.7996   0.0000   0.2729
  -2.300  -0.4639   0.03532   0.02789   0.0163  1.0000  0.7799  -1.7676   0.0000   0.2794
  -2.200  -0.4624   0.03543   0.02798   0.0186  1.0000  0.7904  -1.7321   0.0000   0.2846
  -2.100  -0.4569   0.03558   0.02806   0.0195  0.9992  0.8037  -1.6884   0.0000   0.2870
  -2.000  -0.4468   0.03595   0.02838   0.0205  0.9949  0.8155  -1.6283   0.0000   0.2904
  -1.900  -0.4354   0.03639   0.02875   0.0211  0.9910  0.8289  -1.5662   0.0000   0.2930
  -1.800  -0.4270   0.03654   0.02882   0.0214  0.9876  0.8415  -1.5159   0.0000   0.2946
  -1.700  -0.4158   0.03685   0.02908   0.0223  0.9845  0.8526  -1.4544   0.0000   0.2982
  -1.600  -0.4044   0.03715   0.02931   0.0224  0.9812  0.8660  -1.3961   0.0000   0.3000
  -1.500  -0.3942   0.03727   0.02938   0.0228  0.9780  0.8771  -1.3409   0.0000   0.3025
  -1.400  -0.3766   0.03768   0.02971   0.0221  0.9743  0.8909  -1.2665   0.0000   0.3034
  -1.300  -0.3451   0.03850   0.03041   0.0190  0.9697  0.9066  -1.1590   0.0000   0.2995
  -1.200  -0.3171   0.03897   0.03068   0.0161  0.9648  0.9204  -1.0681   0.0000   0.2953
  -1.100  -0.2454   0.04033   0.03183   0.0055  0.9582  0.9355  -0.8683   0.0000   0.2660
  -1.000  -0.1986   0.04111   0.03245  -0.0014  0.9531  0.9461  -0.7928   0.0000   0.2352
  -0.900  -0.1555   0.04151   0.03273  -0.0080  0.9475  0.9525  -0.7395   0.0000   0.1899
  -0.800  -0.1170   0.04189   0.03301  -0.0138  0.9424  0.9592  -0.6919   0.0000   0.1214
  -0.700  -0.0872   0.04225   0.03327  -0.0181  0.9383  0.9657  -0.6541   0.0000   0.0297
  -0.600  -0.0538   0.04251   0.03346  -0.0231  0.9338  0.9701  -0.6127   0.0000  -0.1986
  -0.500  -0.0335   0.04263   0.03352  -0.0258  0.9294  0.9748  -0.5848   0.0000  -0.5499
  -0.400  -0.0137   0.04281   0.03365  -0.0285  0.9257  0.9799  -0.5578   0.0000  -1.8973
  -0.300   0.0150   0.04304   0.03383  -0.0327  0.9220  0.9840  -0.5254   0.0000   2.4851
  -0.200   0.0449   0.04333   0.03405  -0.0372  0.9185  0.9883  -0.5046   0.0000   1.0918
  -0.100   0.0756   0.04368   0.03433  -0.0417  0.9152  0.9922  -0.5219   0.0000   0.8087
   0.000   0.0830   0.04370   0.03429  -0.0423  0.9106  0.9955  -0.5250   0.0000   0.7648
   0.100   0.0988   0.04385   0.03441  -0.0443  0.9061  0.9990  -0.5334   0.0000   0.7019
   0.200   0.1095   0.04397   0.03450  -0.0452  0.9016  1.0000  -0.5394   0.0000   0.6658
   0.300   0.1211   0.04410   0.03459  -0.0462  0.8974  1.0000  -0.5464   0.0000   0.6334
   0.400   0.1397   0.04433   0.03478  -0.0484  0.8936  1.0000  -0.5577   0.0000   0.5968
   0.500   0.1392   0.04444   0.03488  -0.0473  0.8892  1.0000  -0.5570   0.0000   0.5902
   0.600   0.1331   0.04446   0.03490  -0.0454  0.8845  1.0000  -0.5528   0.0000   0.5910
   0.700   0.1337   0.04455   0.03498  -0.0446  0.8801  1.0000  -0.5528   0.0000   0.5829
   0.800   0.1383   0.04467   0.03508  -0.0444  0.8763  1.0000  -0.5552   0.0000   0.5700
   0.900   0.1461   0.04484   0.03523  -0.0447  0.8729  1.0000  -0.5596   0.0000   0.5547
   1.000   0.1581   0.04509   0.03545  -0.0457  0.8697  1.0000  -0.5675   0.0000   0.5372
   1.100   0.1763   0.04547   0.03580  -0.0476  0.8669  1.0000  -0.5796   0.0000   0.5179
   1.200   0.1624   0.04552   0.03585  -0.0446  0.8634  1.0000  -0.5708   0.0000   0.5218
   1.300   0.1522   0.04555   0.03589  -0.0421  0.8598  1.0000  -0.5644   0.0000   0.5236
   1.400   0.1473   0.04562   0.03596  -0.0405  0.8561  1.0000  -0.5614   0.0000   0.5212
   1.500   0.1468   0.04571   0.03604  -0.0395  0.8523  1.0000  -0.5612   0.0000   0.5149
   1.600   0.1511   0.04584   0.03616  -0.0392  0.8483  1.0000  -0.5641   0.0000   0.5050
   1.700   0.1617   0.04604   0.03633  -0.0398  0.8444  1.0000  -0.5713   0.0000   0.4915
   1.800   0.1821   0.04641   0.03668  -0.0418  0.8405  1.0000  -0.5850   0.0000   0.4750
   1.900   0.1825   0.04662   0.03687  -0.0409  0.8366  1.0000  -0.5854   0.0000   0.4690
   2.000   0.1653   0.04650   0.03676  -0.0374  0.8326  1.0000  -0.5740   0.0000   0.4707
   2.100   0.1567   0.04648   0.03675  -0.0352  0.8290  1.0000  -0.5680   0.0000   0.4689
   2.200   0.1523   0.04654   0.03680  -0.0337  0.8257  1.0000  -0.5648   0.0000   0.4649
   2.300   0.1501   0.04664   0.03689  -0.0326  0.8229  1.0000  -0.5630   0.0000   0.4600
   2.400   0.1513   0.04680   0.03705  -0.0319  0.8202  1.0000  -0.5632   0.0000   0.4537
   2.500   0.1572   0.04706   0.03728  -0.0320  0.8173  1.0000  -0.5664   0.0000   0.4460
   2.600   0.1698   0.04743   0.03764  -0.0330  0.8141  1.0000  -0.5745   0.0000   0.4367
   2.700   0.1945   0.04808   0.03826  -0.0355  0.8104  1.0000  -0.5922   0.0000   0.4254
   2.800   0.1977   0.04844   0.03860  -0.0353  0.8068  1.0000  -0.5942   0.0000   0.4210
   2.900   0.1905   0.04854   0.03870  -0.0338  0.8032  1.0000  -0.5882   0.0000   0.4195
   3.000   0.1910   0.04879   0.03894  -0.0333  0.7993  1.0000  -0.5877   0.0000   0.4164
   3.100   0.1968   0.04911   0.03925  -0.0336  0.7950  1.0000  -0.5910   0.0000   0.4122
   3.200   0.2076   0.04949   0.03962  -0.0344  0.7906  1.0000  -0.5980   0.0000   0.4073
   3.300   0.2243   0.04992   0.04004  -0.0359  0.7860  1.0000  -0.6104   0.0000   0.4018
   3.400   0.2490   0.05047   0.04058  -0.0383  0.7815  1.0000  -0.6297   0.0000   0.3958
   3.500   0.2846   0.05137   0.04145  -0.0419  0.7775  1.0000  -0.6577   0.0000   0.3895
   3.600   0.2720   0.05165   0.04173  -0.0401  0.7742  1.0000  -0.6470   0.0000   0.3895
   3.700   0.2704   0.05210   0.04223  -0.0397  0.7714  1.0000  -0.6448   0.0000   0.3884
   3.800   0.2727   0.05262   0.04274  -0.0397  0.7687  1.0000  -0.6456   0.0000   0.3871
   3.900   0.2773   0.05317   0.04329  -0.0400  0.7660  1.0000  -0.6481   0.0000   0.3855
   4.000   0.2840   0.05372   0.04383  -0.0404  0.7628  1.0000  -0.6528   0.0000   0.3836
   4.100   0.2938   0.05425   0.04436  -0.0412  0.7591  1.0000  -0.6611   0.0000   0.3814
   4.200   0.3091   0.05477   0.04486  -0.0424  0.7547  1.0000  -0.6743   0.0000   0.3785
   4.300   0.3353   0.05529   0.04537  -0.0447  0.7496  1.0000  -0.6972   0.0000   0.3747
   4.400   0.3738   0.05609   0.04615  -0.0481  0.7444  1.0000  -0.7324   0.0000   0.3703
   4.500   0.3571   0.05651   0.04657  -0.0460  0.7401  1.0000  -0.7181   0.0000   0.3702
   4.600   0.3545   0.05703   0.04709  -0.0454  0.7361  1.0000  -0.7165   0.0000   0.3693
   4.700   0.3575   0.05761   0.04767  -0.0454  0.7323  1.0000  -0.7200   0.0000   0.3680
   4.800   0.3635   0.05824   0.04831  -0.0458  0.7291  1.0000  -0.7260   0.0000   0.3668
   4.900   0.3714   0.05891   0.04898  -0.0463  0.7261  1.0000  -0.7338   0.0000   0.3654
   5.000   0.3817   0.05957   0.04964  -0.0470  0.7231  1.0000  -0.7438   0.0000   0.3640
   5.100   0.3967   0.06019   0.05026  -0.0481  0.7195  1.0000  -0.7592   0.0000   0.3621
   5.200   0.4272   0.06071   0.05079  -0.0505  0.7145  1.0000  -0.7920   0.0000   0.3591
   5.300   0.4512   0.06147   0.05154  -0.0521  0.7097  1.0000  -0.8185   0.0000   0.3565
   5.400   0.4371   0.06219   0.05226  -0.0506  0.7062  1.0000  -0.8055   0.0000   0.3564
   5.500   0.4323   0.06287   0.05295  -0.0499  0.7024  1.0000  -0.8019   0.0000   0.3558
   5.600   0.4333   0.06352   0.05360  -0.0496  0.6981  1.0000  -0.8051   0.0000   0.3548
   5.700   0.4393   0.06413   0.05422  -0.0498  0.6936  1.0000  -0.8145   0.0000   0.3535
   5.800   0.4509   0.06468   0.05479  -0.0504  0.6889  1.0000  -0.8301   0.0000   0.3519
   5.900   0.4699   0.06517   0.05529  -0.0515  0.6841  1.0000  -0.8543   0.0000   0.3498
   6.000   0.5079   0.06549   0.05563  -0.0540  0.6787  1.0000  -0.9031   0.0000   0.3467
   6.100   0.5179   0.06635   0.05649  -0.0544  0.6743  1.0000  -0.9198   0.0000   0.3452
   6.200   0.5032   0.06732   0.05747  -0.0530  0.6709  1.0000  -0.9049   0.0000   0.3453
   6.300   0.4973   0.06817   0.05833  -0.0523  0.6671  1.0000  -0.9010   0.0000   0.3450
   6.400   0.4973   0.06893   0.05910  -0.0520  0.6627  1.0000  -0.9045   0.0000   0.3443
   6.500   0.5032   0.06956   0.05974  -0.0521  0.6576  1.0000  -0.9158   0.0000   0.3431
   6.600   0.5184   0.06996   0.06017  -0.0527  0.6518  1.0000  -0.9393   0.0000   0.3412
   6.700   0.5539   0.06992   0.06028  -0.0545  0.6452  1.0000  -0.9901   0.0000   0.3380
   6.800   0.5876   0.07025   0.06063  -0.0561  0.6396  1.0000  -1.0440   0.0000   0.3351
   6.900   0.5652   0.07165   0.06203  -0.0545  0.6360  1.0000  -1.0158   0.0000   0.3359
   7.000   0.5558   0.07276   0.06316  -0.0538  0.6322  1.0000  -1.0066   0.0000   0.3359
   7.100   0.5530   0.07370   0.06411  -0.0534  0.6278  1.0000  -1.0071   0.0000   0.3356
   7.200   0.5568   0.07442   0.06485  -0.0533  0.6227  1.0000  -1.0176   0.0000   0.3347
   7.300   0.5716   0.07475   0.06521  -0.0538  0.6163  1.0000  -1.0462   0.0000   0.3329
   7.400   0.6154   0.07407   0.06458  -0.0553  0.6086  1.0000  -1.1289   0.0000   0.3289
   7.500   0.6361   0.07446   0.06500  -0.0558  0.6026  1.0000  -1.1726   0.0000   0.3267
   7.600   0.6119   0.07617   0.06670  -0.0545  0.5977  1.0000  -1.1369   0.0000   0.3277
   7.700   0.6043   0.07736   0.06791  -0.0540  0.5928  1.0000  -1.1297   0.0000   0.3278
   7.800   0.6051   0.07826   0.06883  -0.0538  0.5876  1.0000  -1.1374   0.0000   0.3272
   7.900   0.6165   0.07867   0.06928  -0.0540  0.5814  1.0000  -1.1642   0.0000   0.3257
   8.000   0.6529   0.07787   0.06854  -0.0548  0.5739  1.0000  -1.2377   0.0000   0.3221
   8.100   0.7005   0.07674   0.06747  -0.0557  0.5673  1.0000  -1.3467   0.0000   0.3178
   8.200   0.6616   0.07953   0.07024  -0.0543  0.5615  1.0000  -1.2727   0.0000   0.3201
   8.300   0.6510   0.08096   0.07168  -0.0538  0.5555  1.0000  -1.2587   0.0000   0.3204
   8.400   0.6536   0.08176   0.07251  -0.0536  0.5492  1.0000  -1.2729   0.0000   0.3197
   8.500   0.6702   0.08179   0.07259  -0.0537  0.5426  1.0000  -1.3180   0.0000   0.3178
   8.600   0.7132   0.08022   0.07110  -0.0541  0.5359  1.0000  -1.4231   0.0000   0.3135
   8.700   0.7385   0.07985   0.07078  -0.0541  0.5298  1.0000  -1.4903   0.0000   0.3108
   8.800   0.7018   0.08316   0.07406  -0.0534  0.5233  1.0000  -1.4151   0.0000   0.3134
   8.900   0.6934   0.08464   0.07556  -0.0531  0.5165  1.0000  -1.4043   0.0000   0.3137
   9.000   0.7032   0.08490   0.07586  -0.0529  0.5091  1.0000  -1.4354   0.0000   0.3122
   9.100   0.7392   0.08320   0.07425  -0.0526  0.5016  1.0000  -1.5298   0.0000   0.3082
   9.200   0.8075   0.07886   0.07023  -0.0522  0.4959  1.0000  -1.7251   0.0000   0.3017
   9.300   0.7519   0.08459   0.07569  -0.0521  0.4886  1.0000  -1.5863   0.0000   0.3060
   9.400   0.7349   0.08698   0.07809  -0.0519  0.4817  1.0000  -1.5498   0.0000   0.3073
   9.500   0.7393   0.08761   0.07876  -0.0517  0.4743  1.0000  -1.5732   0.0000   0.3064
   9.600   0.7738   0.08554   0.07695  -0.0510  0.4663  1.0000  -1.6808   0.0000   0.3023
   9.700   0.8498   0.07907   0.07069  -0.0493  0.4602  1.0000  -1.9140   0.0000   0.2944
   9.800   0.7953   0.08580   0.07731  -0.0500  0.4524  1.0000  -1.7647   0.0000   0.2989
   9.900   0.7739   0.08889   0.08039  -0.0502  0.4448  1.0000  -1.7129   0.0000   0.3007
  10.000   0.7802   0.08932   0.08086  -0.0498  0.4372  1.0000  -1.7419   0.0000   0.2996
  10.100   0.8184   0.08634   0.07801  -0.0486  0.4297  1.0000  -1.8691   0.0000   0.2950
  10.200   0.9114   0.07608   0.06800  -0.0451  0.4238  1.0000  -2.1759   0.0000   0.2850
  10.400   1.1768   0.04590   0.03827  -0.0425  0.3875  1.0000  -3.0288   0.0000   0.2715
  10.500   1.1463   0.04892   0.04137  -0.0399  0.3852  1.0000  -2.9610   0.0000   0.2700
  10.600   1.1061   0.05343   0.04593  -0.0379  0.3836  1.0000  -2.8607   0.0000   0.2693
  10.700   1.0138   0.06557   0.05785  -0.0381  0.3848  1.0000  -2.5879   0.0000   0.2723
  10.800   1.1239   0.05215   0.04469  -0.0357  0.3605  1.0000  -2.9552   0.0000   0.2663
  10.900   1.0733   0.05868   0.05111  -0.0349  0.3607  1.0000  -2.8145   0.0000   0.2669
  11.000   0.9989   0.06977   0.06212  -0.0366  0.3591  1.0000  -2.5867   0.0000   0.2708
  11.100   1.1923   0.04712   0.03933  -0.0334  0.3100  1.0000  -3.2138   0.0000   0.2621
  11.200   1.1885   0.04801   0.04024  -0.0322  0.3013  1.0000  -3.2193   0.0000   0.2609
  11.300   1.2161   0.04672   0.03859  -0.0320  0.2818  1.0000  -3.3334   0.0000   0.2600
  11.400   1.2060   0.04811   0.04009  -0.0306  0.2765  1.0000  -3.3215   0.0000   0.2588
  11.500   1.2036   0.04892   0.04090  -0.0294  0.2683  1.0000  -3.3366   0.0000   0.2577
  11.600   1.2257   0.04825   0.03984  -0.0293  0.2517  1.0000  -3.4359   0.0000   0.2570
  11.700   1.2162   0.04962   0.04134  -0.0279  0.2474  1.0000  -3.4252   0.0000   0.2559
  11.800   1.2102   0.05081   0.04260  -0.0268  0.2418  1.0000  -3.4261   0.0000   0.2549
  11.900   1.2155   0.05113   0.04281  -0.0261  0.2327  1.0000  -3.4681   0.0000   0.2540
  12.000   1.2337   0.05150   0.04292  -0.0261  0.2211  1.0000  -3.5439   0.0000   0.2536
  12.100   1.2266   0.05291   0.04448  -0.0251  0.2177  1.0000  -3.5371   0.0000   0.2527
  12.200   1.2217   0.05427   0.04595  -0.0242  0.2137  1.0000  -3.5369   0.0000   0.2519
  12.300   1.2209   0.05541   0.04713  -0.0235  0.2088  1.0000  -3.5506   0.0000   0.2511
  12.400   1.2632   0.05546   0.04672  -0.0248  0.1943  1.0000  -3.6941   0.0000   0.2514
  12.500   1.2557   0.05685   0.04826  -0.0237  0.1926  1.0000  -3.6850   0.0000   0.2505
  12.600   1.2485   0.05833   0.04990  -0.0227  0.1907  1.0000  -3.6761   0.0000   0.2497
  12.700   1.2416   0.05990   0.05160  -0.0219  0.1887  1.0000  -3.6672   0.0000   0.2489
  12.800   1.2345   0.06153   0.05336  -0.0212  0.1868  1.0000  -3.6576   0.0000   0.2482
  12.900   1.2276   0.06320   0.05514  -0.0205  0.1848  1.0000  -3.6486   0.0000   0.2476
  13.000   1.2211   0.06487   0.05691  -0.0200  0.1827  1.0000  -3.6411   0.0000   0.2471
  13.100   1.2157   0.06648   0.05860  -0.0195  0.1805  1.0000  -3.6374   0.0000   0.2466
  13.200   1.2159   0.06765   0.05979  -0.0191  0.1772  1.0000  -3.6540   0.0000   0.2461
  13.400   1.2463   0.06889   0.06075  -0.0188  0.1652  1.0000  -3.7886   0.0000   0.2452
  13.500   1.2349   0.07079   0.06278  -0.0183  0.1645  1.0000  -3.7652   0.0000   0.2447
  13.600   1.2229   0.07286   0.06497  -0.0179  0.1639  1.0000  -3.7385   0.0000   0.2444
  13.700   1.2100   0.07513   0.06737  -0.0177  0.1635  1.0000  -3.7076   0.0000   0.2442
  13.800   1.1962   0.07762   0.06998  -0.0177  0.1632  1.0000  -3.6718   0.0000   0.2441
  13.900   1.1811   0.08040   0.07287  -0.0179  0.1632  1.0000  -3.6297   0.0000   0.2443
  14.000   1.1645   0.08349   0.07607  -0.0184  0.1635  1.0000  -3.5803   0.0000   0.2447
  14.100   1.1464   0.08696   0.07964  -0.0191  0.1640  1.0000  -3.5229   0.0000   0.2454
  14.200   1.1269   0.09083   0.08360  -0.0202  0.1647  1.0000  -3.4571   0.0000   0.2465
  14.300   1.1063   0.09509   0.08794  -0.0216  0.1655  1.0000  -3.3839   0.0000   0.2478
  14.400   1.0852   0.09978   0.09269  -0.0233  0.1663  1.0000  -3.3039   0.0000   0.2496
  14.500   1.0639   0.10488   0.09783  -0.0253  0.1671  1.0000  -3.2180   0.0000   0.2518
  14.700   0.8767   0.15004   0.14287  -0.0516  0.1926  1.0000  -2.2024   0.0000   0.2879
  14.800   0.8731   0.15333   0.14616  -0.0530  0.1928  1.0000  -2.1713   0.0000   0.2897
  14.900   0.8712   0.15641   0.14924  -0.0542  0.1931  1.0000  -2.1478   0.0000   0.2911
  15.000   0.8710   0.15932   0.15216  -0.0551  0.1935  1.0000  -2.1320   0.0000   0.2921
  15.100   0.8713   0.16218   0.15504  -0.0560  0.1938  1.0000  -2.1181   0.0000   0.2930
  15.200   0.8712   0.16507   0.15793  -0.0570  0.1940  1.0000  -2.1026   0.0000   0.2941
  15.300   0.8705   0.16794   0.16081  -0.0580  0.1941  1.0000  -2.0847   0.0000   0.2953
  15.400   0.8693   0.17079   0.16367  -0.0592  0.1942  1.0000  -2.0646   0.0000   0.2966
  15.500   0.8677   0.17359   0.16646  -0.0604  0.1942  1.0000  -2.0429   0.0000   0.2980
  15.600   0.8659   0.17631   0.16919  -0.0616  0.1941  1.0000  -2.0206   0.0000   0.2995
  15.700   0.8643   0.17896   0.17184  -0.0628  0.1941  1.0000  -1.9992   0.0000   0.3009
  15.800   0.8636   0.18156   0.17445  -0.0640  0.1941  1.0000  -1.9815   0.0000   0.3022
  15.900   0.8654   0.18421   0.17711  -0.0647  0.1942  1.0000  -1.9740   0.0000   0.3028
  16.200   0.7921   0.19793   0.19062  -0.0817  0.2697  1.0000  -1.5154   0.0000   0.3313
  16.300   0.8004   0.19941   0.19213  -0.0815  0.2637  1.0000  -1.5408   0.0000   0.3298
  16.400   0.8096   0.20172   0.19447  -0.0813  0.2607  1.0000  -1.5651   0.0000   0.3283
  16.500   0.8201   0.20482   0.19762  -0.0812  0.2586  1.0000  -1.5914   0.0000   0.3267
  16.600   0.8364   0.21019   0.20304  -0.0807  0.2567  1.0000  -1.6327   0.0000   0.3242
  16.700   0.8672   0.22284   0.21592  -0.0797  0.2547  1.0000  -1.7026   0.0000   0.3198
  16.800   0.8666   0.22517   0.21821  -0.0806  0.2543  1.0000  -1.6893   0.0000   0.3208
  16.900   0.8603   0.22483   0.21785  -0.0819  0.2540  1.0000  -1.6620   0.0000   0.3228
  17.000   0.8517   0.22320   0.21619  -0.0832  0.2535  1.0000  -1.6300   0.0000   0.3250
  17.100   0.8411   0.22062   0.21357  -0.0847  0.2528  1.0000  -1.5926   0.0000   0.3277
  17.200   0.8285   0.21728   0.21019  -0.0865  0.2508  1.0000  -1.5485   0.0000   0.3311
  17.300   0.8217   0.21598   0.20875  -0.0881  0.2468  1.0000  -1.5216   0.0000   0.3336
  17.400   0.8216   0.21672   0.20960  -0.0890  0.2431  1.0000  -1.5112   0.0000   0.3346
  17.500   0.8237   0.21797   0.21086  -0.0897  0.2400  1.0000  -1.5091   0.0000   0.3349
  17.600   0.8269   0.21943   0.21233  -0.0902  0.2372  1.0000  -1.5115   0.0000   0.3349
  17.700   0.8310   0.22106   0.21397  -0.0906  0.2347  1.0000  -1.5175   0.0000   0.3347
  17.800   0.8361   0.22288   0.21582  -0.0908  0.2325  1.0000  -1.5268   0.0000   0.3342
  17.900   0.8423   0.22501   0.21797  -0.0909  0.2305  1.0000  -1.5398   0.0000   0.3334
  18.000   0.8499   0.22766   0.22065  -0.0909  0.2288  1.0000  -1.5575   0.0000   0.3323
  18.100   0.8598   0.23131   0.22434  -0.0907  0.2272  1.0000  -1.5817   0.0000   0.3307
  18.200   0.8742   0.23727   0.23036  -0.0902  0.2257  1.0000  -1.6171   0.0000   0.3284
  18.300   0.9021   0.25192   0.24513  -0.0890  0.2241  1.0000  -1.6824   0.0000   0.3241
  18.400   0.8985   0.25243   0.24558  -0.0903  0.2238  1.0000  -1.6629   0.0000   0.3257
  18.500   0.8895   0.24997   0.24308  -0.0917  0.2234  1.0000  -1.6281   0.0000   0.3281
  18.600   0.8790   0.24677   0.23984  -0.0934  0.2228  1.0000  -1.5873   0.0000   0.3309
  18.700   0.8678   0.24319   0.23622  -0.0954  0.2215  1.0000  -1.5413   0.0000   0.3342
  18.800   0.8600   0.24108   0.23408  -0.0973  0.2186  1.0000  -1.5060   0.0000   0.3371
  18.900   0.8586   0.24143   0.23443  -0.0985  0.2152  1.0000  -1.4971   0.0000   0.3385
  19.000   0.8599   0.24255   0.23556  -0.0993  0.2120  1.0000  -1.5000   0.0000   0.3391
  19.100   0.8626   0.24395   0.23697  -0.0999  0.2087  1.0000  -1.5102   0.0000   0.3392
  19.200   0.8669   0.24554   0.23858  -0.1002  0.2053  1.0000  -1.5288   0.0000   0.3387
  19.300   0.8742   0.24761   0.24068  -0.0999  0.2016  1.0000  -1.5627   0.0000   0.3374
  19.400   0.8958   0.25426   0.24742  -0.0977  0.1971  1.0000  -1.6631   0.0000   0.3321
  19.500   0.9210   0.26890   0.26212  -0.0962  0.1947  1.0000  -1.7546   0.0000   0.3277
  19.600   0.9130   0.26685   0.26004  -0.0977  0.1943  1.0000  -1.7195   0.0000   0.3300
  19.700   0.9043   0.26435   0.25751  -0.0995  0.1938  1.0000  -1.6805   0.0000   0.3327
  19.800   0.8951   0.26155   0.25467  -0.1015  0.1928  1.0000  -1.6371   0.0000   0.3357
  19.900   0.8876   0.25952   0.25262  -0.1036  0.1905  1.0000  -1.5975   0.0000   0.3387
  20.000   0.8856   0.25974   0.25283  -0.1050  0.1873  1.0000  -1.5816   0.0000   0.3404


