QBlade v0.963 64bit

 Calculated polar for: SG6040

 1 1 Reynolds number fixed          Mach number fixed         

 xtrf =   1.000 (top)        1.000 (bottom)
 Mach =   0.000     Re =     0.100 e 6     Ncrit =   9.000

  alpha     CL        CD       CDp       Cm    Top Xtr Bot Xtr   Cpmin    Chinge    XCp    
 ------- -------- --------- --------- -------- ------- ------- -------- --------- ---------
 -10.000  -0.5808   0.06656   0.06134  -0.0675  1.0000  0.0564  -3.0107   0.0000   0.1184
  -9.900  -0.5963   0.06566   0.06052  -0.0661  1.0000  0.0562  -3.0437   0.0000   0.1243
  -9.800  -0.6116   0.06497   0.05984  -0.0643  1.0000  0.0561  -3.0731   0.0000   0.1304
  -9.700  -0.6269   0.06444   0.05931  -0.0624  1.0000  0.0560  -3.0997   0.0000   0.1365
  -9.600  -0.6423   0.06403   0.05890  -0.0602  1.0000  0.0560  -3.1244   0.0000   0.1426
  -9.500  -0.6574   0.06363   0.05849  -0.0580  1.0000  0.0559  -3.1481   0.0000   0.1485
  -9.400  -0.6708   0.06293   0.05778  -0.0562  1.0000  0.0558  -3.1732   0.0000   0.1533
  -9.300  -0.6830   0.06207   0.05688  -0.0545  1.0000  0.0556  -3.1988   0.0000   0.1576
  -9.200  -0.6944   0.06111   0.05588  -0.0529  1.0000  0.0554  -3.2244   0.0000   0.1614
  -9.100  -0.7050   0.06007   0.05478  -0.0514  1.0000  0.0551  -3.2501   0.0000   0.1649
  -9.000  -0.7147   0.05893   0.05358  -0.0500  1.0000  0.0548  -3.2762   0.0000   0.1681
  -8.900  -0.7236   0.05771   0.05228  -0.0487  1.0000  0.0545  -3.3027   0.0000   0.1710
  -8.800  -0.7317   0.05641   0.05089  -0.0474  1.0000  0.0541  -3.3297   0.0000   0.1737
  -8.700  -0.7389   0.05504   0.04941  -0.0463  1.0000  0.0537  -3.3574   0.0000   0.1761
  -8.600  -0.7453   0.05360   0.04785  -0.0451  1.0000  0.0532  -3.3859   0.0000   0.1783
  -8.500  -0.7508   0.05210   0.04621  -0.0441  1.0000  0.0527  -3.4149   0.0000   0.1803
  -8.400  -0.7554   0.05055   0.04451  -0.0431  1.0000  0.0522  -3.4443   0.0000   0.1821
  -8.300  -0.7589   0.04898   0.04276  -0.0422  1.0000  0.0517  -3.4736   0.0000   0.1837
  -8.200  -0.7611   0.04739   0.04098  -0.0413  1.0000  0.0512  -3.5019   0.0000   0.1851
  -8.100  -0.7622   0.04584   0.03923  -0.0405  1.0000  0.0507  -3.5277   0.0000   0.1863
  -8.000  -0.7615   0.04441   0.03760  -0.0398  1.0000  0.0503  -3.5459   0.0000   0.1873
  -7.900  -0.7594   0.04311   0.03615  -0.0391  1.0000  0.0500  -3.5555   0.0000   0.1881
  -7.800  -0.7514   0.04162   0.03445  -0.0395  0.9988  0.0496  -3.5580   0.0000   0.1870
  -7.700  -0.7389   0.04017   0.03278  -0.0406  0.9966  0.0495  -3.5495   0.0000   0.1847
  -7.600  -0.7260   0.03887   0.03121  -0.0416  0.9944  0.0494  -3.5349   0.0000   0.1823
  -7.500  -0.7123   0.03768   0.02984  -0.0426  0.9924  0.0494  -3.5147   0.0000   0.1797
  -7.400  -0.6994   0.03663   0.02864  -0.0434  0.9901  0.0495  -3.4908   0.0000   0.1774
  -7.300  -0.6866   0.03568   0.02757  -0.0442  0.9878  0.0498  -3.4638   0.0000   0.1752
  -7.200  -0.6731   0.03481   0.02659  -0.0450  0.9857  0.0501  -3.4333   0.0000   0.1727
  -7.100  -0.6590   0.03402   0.02571  -0.0458  0.9838  0.0506  -3.3997   0.0000   0.1699
  -7.000  -0.6444   0.03330   0.02491  -0.0467  0.9822  0.0513  -3.3641   0.0000   0.1669
  -6.900  -0.6337   0.03265   0.02420  -0.0469  0.9797  0.0520  -3.3343   0.0000   0.1654
  -6.800  -0.6217   0.03204   0.02353  -0.0473  0.9773  0.0529  -3.3028   0.0000   0.1633
  -6.700  -0.6087   0.03145   0.02288  -0.0479  0.9751  0.0541  -3.2705   0.0000   0.1608
  -6.600  -0.5947   0.03088   0.02226  -0.0486  0.9731  0.0556  -3.2386   0.0000   0.1577
  -6.500  -0.5796   0.03034   0.02166  -0.0494  0.9713  0.0576  -3.2082   0.0000   0.1541
  -6.400  -0.5639   0.02987   0.02110  -0.0504  0.9696  0.0601  -3.1806   0.0000   0.1500
  -6.300  -0.5550   0.02939   0.02058  -0.0501  0.9662  0.0623  -3.1659   0.0000   0.1491
  -6.200  -0.5457   0.02838   0.01969  -0.0503  0.9634  0.0677  -3.1592   0.0000   0.1472
  -6.100  -0.5322   0.02794   0.01929  -0.0510  0.9606  0.0766  -3.1425   0.0000   0.1435
  -6.000  -0.5190   0.02699   0.01848  -0.0519  0.9583  0.1013  -3.1732   0.0000   0.1394
  -5.900  -0.5033   0.02642   0.01799  -0.0533  0.9562  0.1280  -3.1442   0.0000   0.1334
  -5.800  -0.4867   0.02599   0.01771  -0.0549  0.9545  0.1445  -3.0757   0.0000   0.1263
  -5.700  -0.4801   0.02585   0.01751  -0.0544  0.9501  0.1531  -3.0284   0.0000   0.1260
  -5.600  -0.4695   0.02555   0.01733  -0.0548  0.9467  0.1656  -2.9643   0.0000   0.1225
  -5.500  -0.4561   0.02549   0.01727  -0.0558  0.9438  0.1807  -2.8860   0.0000   0.1168
  -5.400  -0.4423   0.02522   0.01714  -0.0569  0.9415  0.1967  -2.8085   0.0000   0.1105
  -5.300  -0.4263   0.02516   0.01706  -0.0583  0.9394  0.2136  -2.7229   0.0000   0.1023
  -5.200  -0.4109   0.02478   0.01677  -0.0595  0.9378  0.2301  -2.6380   0.0000   0.0941
  -5.100  -0.3942   0.02466   0.01662  -0.0609  0.9361  0.2486  -2.5567   0.0000   0.0842
  -5.000  -0.3918   0.02430   0.01645  -0.0597  0.9319  0.2607  -2.5200   0.0000   0.0865
  -4.900  -0.3823   0.02403   0.01625  -0.0598  0.9284  0.2789  -2.4627   0.0000   0.0825
  -4.800  -0.3707   0.02356   0.01603  -0.0602  0.9255  0.3043  -2.4012   0.0000   0.0764
  -4.700  -0.3576   0.02302   0.01580  -0.0610  0.9230  0.3465  -2.3358   0.0000   0.0681
  -4.600  -0.3444   0.02253   0.01583  -0.0616  0.9207  0.4165  -2.2676   0.0000   0.0598
  -4.500  -0.3303   0.02262   0.01635  -0.0616  0.9185  0.4884  -2.1921   0.0000   0.0521
  -4.400  -0.3130   0.02299   0.01676  -0.0622  0.9165  0.5344  -2.1073   0.0000   0.0396
  -4.300  -0.3071   0.02326   0.01705  -0.0610  0.9123  0.5530  -2.0567   0.0000   0.0398
  -4.200  -0.3016   0.02353   0.01730  -0.0597  0.9076  0.5696  -2.0075   0.0000   0.0404
  -4.100  -0.2907   0.02378   0.01749  -0.0595  0.9039  0.5859  -1.9433   0.0000   0.0337
  -4.000  -0.2798   0.02419   0.01793  -0.0587  0.9009  0.5973  -1.8767   0.0000   0.0285
  -3.900  -0.2664   0.02452   0.01822  -0.0587  0.8984  0.6112  -1.8048   0.0000   0.0176
  -3.800  -0.2511   0.02476   0.01838  -0.0592  0.8963  0.6234  -1.7292   0.0000   0.0018
  -3.700  -0.2373   0.02514   0.01879  -0.0588  0.8945  0.6311  -1.6555   0.0000  -0.0105
  -3.600  -0.2217   0.02551   0.01915  -0.0588  0.8930  0.6398  -1.5787   0.0000  -0.0286
  -3.500  -0.2196   0.02574   0.01935  -0.0572  0.8887  0.6467  -1.5428   0.0000  -0.0236
  -3.400  -0.2155   0.02589   0.01944  -0.0562  0.8839  0.6545  -1.5028   0.0000  -0.0238
  -3.300  -0.2061   0.02600   0.01950  -0.0559  0.8802  0.6614  -1.4477   0.0000  -0.0344
  -3.200  -0.1965   0.02619   0.01970  -0.0550  0.8770  0.6662  -1.3899   0.0000  -0.0432
  -3.100  -0.1846   0.02641   0.01992  -0.0544  0.8744  0.6718  -1.3267   0.0000  -0.0587
  -3.000  -0.1706   0.02662   0.02011  -0.0543  0.8721  0.6786  -1.2594   0.0000  -0.0826
  -2.900  -0.1543   0.02678   0.02022  -0.0548  0.8702  0.6871  -1.1885   0.0000  -0.1203
  -2.800  -0.1347   0.02689   0.02016  -0.0563  0.8686  0.6965  -1.1161   0.0000  -0.1848
  -2.700  -0.1197   0.02700   0.02027  -0.0561  0.8672  0.7021  -1.0475   0.0000  -0.2374
  -2.600  -0.1295   0.02721   0.02051  -0.0525  0.8599  0.7051  -1.0451   0.0000  -0.1723
  -2.500  -0.1266   0.02742   0.02073  -0.0507  0.8553  0.7098  -1.0093   0.0000  -0.1663
  -2.400  -0.1189   0.02761   0.02091  -0.0496  0.8520  0.7158  -0.9616   0.0000  -0.1836
  -2.300  -0.1081   0.02776   0.02103  -0.0492  0.8493  0.7229  -0.9073   0.0000  -0.2227
  -2.200  -0.0940   0.02786   0.02108  -0.0497  0.8470  0.7310  -0.8468   0.0000  -0.2979
  -2.100  -0.0801   0.02788   0.02106  -0.0499  0.8450  0.7376  -0.8033   0.0000  -0.3951
  -2.000  -0.0686   0.02796   0.02114  -0.0489  0.8434  0.7427  -0.7800   0.0000  -0.4873
  -1.900  -0.0552   0.02809   0.02127  -0.0483  0.8419  0.7487  -0.7549   0.0000  -0.6536
  -1.800  -0.0403   0.02820   0.02136  -0.0482  0.8405  0.7556  -0.7287   0.0000  -0.9852
  -1.700  -0.0228   0.02827   0.02139  -0.0489  0.8393  0.7633  -0.7007   0.0000  -1.9523
  -1.500  -0.0345   0.02861   0.02170  -0.0444  0.8250  0.7729  -0.6953   0.0000  -1.0752
  -1.400  -0.0277   0.02854   0.02164  -0.0429  0.8218  0.7772  -0.6779   0.0000  -1.3421
  -1.300  -0.0173   0.02852   0.02162  -0.0421  0.8192  0.7819  -0.6569   0.0000  -2.2453
  -1.200  -0.0042   0.02850   0.02157  -0.0418  0.8171  0.7870  -0.6337   0.0000  -9.8448
  -1.100   0.0109   0.02844   0.02149  -0.0421  0.8154  0.7922  -0.6088   0.0000   4.2047
  -1.000   0.0277   0.02836   0.02137  -0.0429  0.8139  0.7973  -0.5828   0.0000   1.8312
  -0.900   0.0455   0.02827   0.02123  -0.0441  0.8126  0.8020  -0.5564   0.0000   1.2358
  -0.800   0.0652   0.02820   0.02110  -0.0458  0.8114  0.8062  -0.5476   0.0000   0.9629
  -0.700   0.0815   0.02799   0.02088  -0.0463  0.8104  0.8093  -0.5584   0.0000   0.8256
  -0.600   0.0981   0.02785   0.02072  -0.0468  0.8094  0.8122  -0.5694   0.0000   0.7324
  -0.400   0.0647   0.02859   0.02152  -0.0386  0.7923  0.8191  -0.5492   0.0000   0.8538
  -0.300   0.0769   0.02852   0.02142  -0.0387  0.7898  0.8226  -0.5572   0.0000   0.7579
  -0.200   0.0916   0.02839   0.02123  -0.0391  0.7877  0.8262  -0.5673   0.0000   0.6805
  -0.100   0.1084   0.02823   0.02104  -0.0400  0.7859  0.8295  -0.5790   0.0000   0.6208
   0.000   0.1268   0.02805   0.02081  -0.0412  0.7844  0.8326  -0.5916   0.0000   0.5755
   0.100   0.1460   0.02785   0.02058  -0.0425  0.7830  0.8354  -0.6047   0.0000   0.5415
   0.200   0.1663   0.02765   0.02034  -0.0442  0.7817  0.8377  -0.6186   0.0000   0.5150
   0.300   0.1868   0.02746   0.02011  -0.0458  0.7805  0.8398  -0.6325   0.0000   0.4943
   0.400   0.2042   0.02720   0.01983  -0.0466  0.7793  0.8419  -0.6450   0.0000   0.4768
   0.500   0.2212   0.02698   0.01959  -0.0472  0.7782  0.8442  -0.6574   0.0000   0.4617
   0.700   0.1852   0.02804   0.02072  -0.0390  0.7601  0.8516  -0.6348   0.0000   0.4585
   0.800   0.1980   0.02794   0.02062  -0.0393  0.7578  0.8544  -0.6441   0.0000   0.4457
   0.900   0.2131   0.02781   0.02046  -0.0399  0.7559  0.8571  -0.6548   0.0000   0.4343
   1.000   0.2299   0.02765   0.02029  -0.0408  0.7543  0.8595  -0.6665   0.0000   0.4244
   1.100   0.2468   0.02749   0.02011  -0.0418  0.7527  0.8616  -0.6784   0.0000   0.4160
   1.200   0.2648   0.02731   0.01991  -0.0429  0.7512  0.8637  -0.6910   0.0000   0.4086
   1.300   0.2830   0.02711   0.01968  -0.0441  0.7498  0.8657  -0.7039   0.0000   0.4021
   1.400   0.3017   0.02689   0.01944  -0.0453  0.7485  0.8679  -0.7172   0.0000   0.3962
   1.500   0.3207   0.02668   0.01921  -0.0465  0.7473  0.8701  -0.7314   0.0000   0.3911
   1.600   0.3392   0.02644   0.01895  -0.0475  0.7461  0.8723  -0.7458   0.0000   0.3860
   1.700   0.3570   0.02621   0.01872  -0.0482  0.7449  0.8745  -0.7599   0.0000   0.3809
   1.800   0.3082   0.02761   0.02021  -0.0403  0.7287  0.8802  -0.7263   0.0000   0.3760
   1.900   0.3207   0.02750   0.02010  -0.0404  0.7260  0.8830  -0.7364   0.0000   0.3712
   2.000   0.3359   0.02733   0.01993  -0.0410  0.7238  0.8857  -0.7484   0.0000   0.3671
   2.100   0.3514   0.02718   0.01976  -0.0416  0.7219  0.8881  -0.7606   0.0000   0.3635
   2.200   0.3673   0.02701   0.01959  -0.0424  0.7201  0.8904  -0.7730   0.0000   0.3603
   2.300   0.3838   0.02683   0.01943  -0.0432  0.7185  0.8927  -0.7859   0.0000   0.3574
   2.400   0.4010   0.02662   0.01921  -0.0441  0.7170  0.8950  -0.7994   0.0000   0.3548
   2.500   0.4190   0.02640   0.01897  -0.0451  0.7156  0.8971  -0.8135   0.0000   0.3524
   2.600   0.4378   0.02617   0.01872  -0.0463  0.7143  0.8991  -0.8283   0.0000   0.3503
   2.700   0.4566   0.02591   0.01845  -0.0473  0.7130  0.9010  -0.8432   0.0000   0.3481
   2.800   0.4758   0.02568   0.01821  -0.0483  0.7117  0.9028  -0.8584   0.0000   0.3461
   3.000   0.4450   0.02722   0.01987  -0.0418  0.6941  0.9136  -0.8364   0.0000   0.3379
   3.100   0.4587   0.02708   0.01972  -0.0421  0.6915  0.9172  -0.8484   0.0000   0.3357
   3.200   0.4727   0.02691   0.01955  -0.0424  0.6890  0.9208  -0.8609   0.0000   0.3336
   3.300   0.4877   0.02671   0.01935  -0.0430  0.6869  0.9243  -0.8744   0.0000   0.3319
   3.400   0.5045   0.02648   0.01913  -0.0437  0.6852  0.9272  -0.8903   0.0000   0.3303
   3.500   0.5229   0.02625   0.01890  -0.0447  0.6836  0.9299  -0.9073   0.0000   0.3291
   3.600   0.5422   0.02602   0.01867  -0.0458  0.6821  0.9325  -0.9250   0.0000   0.3281
   3.700   0.5619   0.02579   0.01844  -0.0471  0.6807  0.9350  -0.9431   0.0000   0.3273
   3.800   0.5818   0.02558   0.01823  -0.0484  0.6793  0.9375  -0.9634   0.0000   0.3266
   3.900   0.6024   0.02538   0.01802  -0.0498  0.6778  0.9400  -0.9857   0.0000   0.3260
   4.000   0.5978   0.02600   0.01869  -0.0481  0.6723  0.9465  -0.9856   0.0000   0.3237
   4.100   0.5895   0.02694   0.01971  -0.0464  0.6636  0.9533  -0.9812   0.0000   0.3218
   4.200   0.6039   0.02696   0.01976  -0.0472  0.6598  0.9573  -0.9978   0.0000   0.3212
   4.300   0.6209   0.02684   0.01965  -0.0483  0.6566  0.9612  -1.0183   0.0000   0.3207
   4.400   0.6401   0.02662   0.01944  -0.0495  0.6541  0.9648  -1.0418   0.0000   0.3203
   4.500   0.6627   0.02634   0.01917  -0.0513  0.6519  0.9672  -1.0713   0.0000   0.3203
   4.600   0.6866   0.02606   0.01899  -0.0533  0.6498  0.9693  -1.1035   0.0000   0.3204
   4.700   0.7101   0.02581   0.01874  -0.0553  0.6480  0.9716  -1.1379   0.0000   0.3206
   4.800   0.7338   0.02557   0.01850  -0.0573  0.6461  0.9739  -1.1729   0.0000   0.3208
   4.900   0.7584   0.02530   0.01824  -0.0595  0.6443  0.9761  -1.2092   0.0000   0.3210
   5.000   0.7836   0.02507   0.01799  -0.0617  0.6423  0.9780  -1.2471   0.0000   0.3212
   5.100   0.7965   0.02543   0.01840  -0.0627  0.6378  0.9833  -1.2730   0.0000   0.3211
   5.200   0.8018   0.02609   0.01916  -0.0632  0.6308  0.9923  -1.2911   0.0000   0.3210
   5.300   0.8173   0.02623   0.01935  -0.0645  0.6255  0.9997  -1.3253   0.0000   0.3211
   5.400   0.8130   0.02632   0.01944  -0.0623  0.6215  1.0000  -1.3324   0.0000   0.3187
   5.500   0.8226   0.02614   0.01926  -0.0621  0.6181  1.0000  -1.3599   0.0000   0.3174
   5.600   0.8378   0.02587   0.01898  -0.0627  0.6152  1.0000  -1.3958   0.0000   0.3166
   5.700   0.8571   0.02551   0.01861  -0.0638  0.6126  1.0000  -1.4383   0.0000   0.3162
   5.800   0.8795   0.02509   0.01817  -0.0654  0.6099  1.0000  -1.4874   0.0000   0.3159
   5.900   0.9030   0.02473   0.01777  -0.0671  0.6070  1.0000  -1.5460   0.0000   0.3158
   6.000   0.9132   0.02483   0.01787  -0.0672  0.6033  1.0000  -1.5806   0.0000   0.3150
   6.100   0.9044   0.02549   0.01860  -0.0650  0.5975  1.0000  -1.5800   0.0000   0.3131
   6.200   0.9064   0.02585   0.01901  -0.0642  0.5917  1.0000  -1.5993   0.0000   0.3120
   6.300   0.9169   0.02586   0.01903  -0.0643  0.5868  1.0000  -1.6350   0.0000   0.3112
   6.400   0.9328   0.02561   0.01878  -0.0650  0.5825  1.0000  -1.6813   0.0000   0.3106
   6.500   0.9527   0.02521   0.01836  -0.0661  0.5787  1.0000  -1.7356   0.0000   0.3102
   6.600   0.9745   0.02475   0.01787  -0.0675  0.5750  1.0000  -1.7952   0.0000   0.3099
   6.700   0.9974   0.02436   0.01755  -0.0690  0.5711  1.0000  -1.8636   0.0000   0.3097
   6.800   1.0101   0.02445   0.01765  -0.0694  0.5665  1.0000  -1.9111   0.0000   0.3091
   6.900   1.0093   0.02488   0.01817  -0.0680  0.5609  1.0000  -1.9295   0.0000   0.3077
   7.000   1.0147   0.02508   0.01841  -0.0674  0.5550  1.0000  -1.9625   0.0000   0.3066
   7.100   1.0263   0.02498   0.01832  -0.0674  0.5494  1.0000  -2.0103   0.0000   0.3057
   7.200   1.0425   0.02468   0.01800  -0.0680  0.5442  1.0000  -2.0696   0.0000   0.3051
   7.300   1.0618   0.02427   0.01754  -0.0689  0.5392  1.0000  -2.1371   0.0000   0.3047
   7.400   1.0824   0.02395   0.01715  -0.0701  0.5341  1.0000  -2.2081   0.0000   0.3044
   7.500   1.0915   0.02412   0.01733  -0.0699  0.5289  1.0000  -2.2518   0.0000   0.3035
   7.600   1.0934   0.02439   0.01769  -0.0687  0.5232  1.0000  -2.2787   0.0000   0.3022
   7.700   1.1000   0.02449   0.01783  -0.0681  0.5170  1.0000  -2.3172   0.0000   0.3011
   7.800   1.1111   0.02438   0.01773  -0.0679  0.5109  1.0000  -2.3672   0.0000   0.3002
   7.900   1.1256   0.02415   0.01746  -0.0682  0.5050  1.0000  -2.4262   0.0000   0.2995
   8.000   1.1431   0.02388   0.01711  -0.0689  0.4991  1.0000  -2.4931   0.0000   0.2991
   8.100   1.1550   0.02392   0.01712  -0.0690  0.4928  1.0000  -2.5461   0.0000   0.2983
   8.200   1.1564   0.02413   0.01743  -0.0676  0.4865  1.0000  -2.5733   0.0000   0.2969
   8.300   1.1620   0.02419   0.01753  -0.0667  0.4793  1.0000  -2.6115   0.0000   0.2957
   8.400   1.1715   0.02408   0.01740  -0.0663  0.4720  1.0000  -2.6603   0.0000   0.2947
   8.500   1.1852   0.02385   0.01710  -0.0664  0.4646  1.0000  -2.7200   0.0000   0.2940
   8.600   1.1985   0.02382   0.01698  -0.0666  0.4570  1.0000  -2.7783   0.0000   0.2934
   8.700   1.1989   0.02404   0.01731  -0.0650  0.4502  1.0000  -2.8041   0.0000   0.2919
   8.800   1.2028   0.02415   0.01746  -0.0638  0.4424  1.0000  -2.8388   0.0000   0.2906
   8.900   1.2095   0.02413   0.01743  -0.0630  0.4344  1.0000  -2.8818   0.0000   0.2895
   9.000   1.2221   0.02401   0.01717  -0.0630  0.4256  1.0000  -2.9403   0.0000   0.2888
   9.100   1.2256   0.02420   0.01739  -0.0618  0.4177  1.0000  -2.9741   0.0000   0.2875
   9.200   1.2264   0.02441   0.01777  -0.0603  0.4095  1.0000  -3.0032   0.0000   0.2861
   9.300   1.2296   0.02451   0.01788  -0.0590  0.4008  1.0000  -3.0375   0.0000   0.2847
   9.400   1.2371   0.02452   0.01776  -0.0582  0.3910  1.0000  -3.0839   0.0000   0.2837
   9.500   1.2387   0.02474   0.01798  -0.0568  0.3822  1.0000  -3.1136   0.0000   0.2823
   9.600   1.2376   0.02501   0.01832  -0.0550  0.3729  1.0000  -3.1361   0.0000   0.2807
   9.700   1.2391   0.02521   0.01847  -0.0535  0.3625  1.0000  -3.1661   0.0000   0.2793
   9.800   1.2426   0.02543   0.01853  -0.0524  0.3517  1.0000  -3.2017   0.0000   0.2781
   9.900   1.2406   0.02583   0.01902  -0.0506  0.3413  1.0000  -3.2210   0.0000   0.2766
  10.000   1.2400   0.02619   0.01934  -0.0491  0.3298  1.0000  -3.2450   0.0000   0.2752
  10.100   1.2407   0.02657   0.01954  -0.0477  0.3184  1.0000  -3.2730   0.0000   0.2738
  10.200   1.2389   0.02707   0.02012  -0.0462  0.3067  1.0000  -3.2918   0.0000   0.2725
  10.300   1.2371   0.02760   0.02057  -0.0447  0.2948  1.0000  -3.3119   0.0000   0.2711
  10.400   1.2358   0.02819   0.02102  -0.0433  0.2835  1.0000  -3.3327   0.0000   0.2698
  10.500   1.2340   0.02882   0.02167  -0.0419  0.2713  1.0000  -3.3532   0.0000   0.2686
  10.600   1.2316   0.02951   0.02224  -0.0405  0.2601  1.0000  -3.3755   0.0000   0.2674
  10.700   1.2299   0.03025   0.02289  -0.0393  0.2490  1.0000  -3.3987   0.0000   0.2662
  10.800   1.2280   0.03101   0.02363  -0.0381  0.2379  1.0000  -3.4205   0.0000   0.2651
  10.900   1.2253   0.03185   0.02432  -0.0369  0.2282  1.0000  -3.4408   0.0000   0.2640
  11.000   1.2242   0.03267   0.02508  -0.0359  0.2184  1.0000  -3.4638   0.0000   0.2630
  11.100   1.2227   0.03350   0.02590  -0.0349  0.2091  1.0000  -3.4858   0.0000   0.2621
  11.200   1.2207   0.03438   0.02666  -0.0338  0.2011  1.0000  -3.5067   0.0000   0.2611
  11.300   1.2204   0.03527   0.02741  -0.0329  0.1925  1.0000  -3.5314   0.0000   0.2601
  11.400   1.2202   0.03610   0.02830  -0.0321  0.1850  1.0000  -3.5551   0.0000   0.2593
  11.500   1.2195   0.03697   0.02914  -0.0313  0.1781  1.0000  -3.5789   0.0000   0.2585
  11.600   1.2191   0.03788   0.02991  -0.0305  0.1715  1.0000  -3.6042   0.0000   0.2576
  11.700   1.2210   0.03873   0.03069  -0.0298  0.1644  1.0000  -3.6334   0.0000   0.2569
  11.800   1.2214   0.03957   0.03159  -0.0292  0.1589  1.0000  -3.6583   0.0000   0.2561
  11.900   1.2217   0.04042   0.03245  -0.0286  0.1536  1.0000  -3.6843   0.0000   0.2555
  12.000   1.2220   0.04128   0.03325  -0.0280  0.1487  1.0000  -3.7119   0.0000   0.2548
  12.100   1.2275   0.04209   0.03381  -0.0274  0.1412  1.0000  -3.7531   0.0000   0.2540
  12.200   1.2274   0.04294   0.03477  -0.0268  0.1380  1.0000  -3.7764   0.0000   0.2534
  12.300   1.2283   0.04377   0.03567  -0.0263  0.1341  1.0000  -3.8028   0.0000   0.2528
  12.400   1.2292   0.04460   0.03653  -0.0258  0.1303  1.0000  -3.8303   0.0000   0.2522
  12.500   1.2302   0.04543   0.03736  -0.0254  0.1267  1.0000  -3.8590   0.0000   0.2516
  12.600   1.2321   0.04624   0.03814  -0.0249  0.1234  1.0000  -3.8906   0.0000   0.2510
  12.700   1.2466   0.04682   0.03846  -0.0245  0.1170  1.0000  -3.9548   0.0000   0.2504
  12.800   1.2476   0.04765   0.03941  -0.0241  0.1153  1.0000  -3.9794   0.0000   0.2498
  12.900   1.2496   0.04848   0.04033  -0.0236  0.1132  1.0000  -4.0063   0.0000   0.2493
  13.000   1.2523   0.04930   0.04122  -0.0232  0.1109  1.0000  -4.0354   0.0000   0.2487
  13.100   1.2556   0.05009   0.04207  -0.0228  0.1085  1.0000  -4.0669   0.0000   0.2482
  13.200   1.2589   0.05089   0.04289  -0.0225  0.1062  1.0000  -4.0992   0.0000   0.2477
  13.300   1.2625   0.05166   0.04368  -0.0221  0.1041  1.0000  -4.1333   0.0000   0.2472
  13.400   1.2665   0.05242   0.04444  -0.0218  0.1020  1.0000  -4.1696   0.0000   0.2467
  13.500   1.2717   0.05317   0.04516  -0.0215  0.0999  1.0000  -4.2098   0.0000   0.2462
  13.600   1.2852   0.05391   0.04590  -0.0213  0.0968  1.0000  -4.2739   0.0000   0.2458
  13.700   1.2977   0.05510   0.04712  -0.0211  0.0942  1.0000  -4.3194   0.0000   0.2454
  13.800   1.2986   0.05605   0.04818  -0.0207  0.0934  1.0000  -4.3405   0.0000   0.2449
  13.900   1.2997   0.05704   0.04927  -0.0204  0.0925  1.0000  -4.3612   0.0000   0.2444
  14.000   1.3008   0.05807   0.05039  -0.0200  0.0915  1.0000  -4.3816   0.0000   0.2439
  14.100   1.3018   0.05911   0.05153  -0.0196  0.0904  1.0000  -4.4017   0.0000   0.2435
  14.200   1.3025   0.06018   0.05269  -0.0193  0.0892  1.0000  -4.4214   0.0000   0.2430
  14.300   1.3024   0.06130   0.05389  -0.0190  0.0881  1.0000  -4.4387   0.0000   0.2426
  14.400   1.3020   0.06244   0.05511  -0.0187  0.0870  1.0000  -4.4553   0.0000   0.2422
  14.500   1.3015   0.06357   0.05631  -0.0185  0.0859  1.0000  -4.4726   0.0000   0.2418
  14.600   1.3011   0.06468   0.05749  -0.0183  0.0848  1.0000  -4.4914   0.0000   0.2414
  14.700   1.3010   0.06576   0.05862  -0.0181  0.0836  1.0000  -4.5121   0.0000   0.2411
  14.800   1.3012   0.06681   0.05970  -0.0179  0.0825  1.0000  -4.5351   0.0000   0.2408
  14.900   1.3018   0.06782   0.06073  -0.0178  0.0813  1.0000  -4.5608   0.0000   0.2405
  15.000   1.3028   0.06881   0.06173  -0.0177  0.0802  1.0000  -4.5891   0.0000   0.2402
  15.100   1.3048   0.06978   0.06270  -0.0175  0.0790  1.0000  -4.6209   0.0000   0.2399
  15.200   1.3075   0.07087   0.06378  -0.0174  0.0777  1.0000  -4.6529   0.0000   0.2396
  15.300   1.3090   0.07247   0.06541  -0.0173  0.0764  1.0000  -4.6718   0.0000   0.2393
  15.400   1.3061   0.07474   0.06779  -0.0172  0.0753  1.0000  -4.6647   0.0000   0.2391
  15.500   1.2986   0.07726   0.07045  -0.0172  0.0748  1.0000  -4.6405   0.0000   0.2390
  15.600   1.2926   0.07892   0.07217  -0.0173  0.0746  1.0000  -4.6335   0.0000   0.2389
  15.700   1.2865   0.08061   0.07397  -0.0174  0.0744  1.0000  -4.6257   0.0000   0.2388
  15.800   1.2798   0.08243   0.07589  -0.0176  0.0742  1.0000  -4.6145   0.0000   0.2388
  15.900   1.2730   0.08433   0.07791  -0.0179  0.0741  1.0000  -4.6013   0.0000   0.2389
  16.000   1.2657   0.08634   0.08002  -0.0182  0.0740  1.0000  -4.5854   0.0000   0.2390
  16.100   1.2576   0.08849   0.08227  -0.0188  0.0739  1.0000  -4.5655   0.0000   0.2393
  16.200   1.2492   0.09074   0.08463  -0.0194  0.0737  1.0000  -4.5432   0.0000   0.2397
  16.300   1.2402   0.09312   0.08711  -0.0201  0.0737  1.0000  -4.5175   0.0000   0.2401
  16.400   1.2304   0.09567   0.08977  -0.0210  0.0736  1.0000  -4.4868   0.0000   0.2408
  16.500   1.2201   0.09834   0.09255  -0.0220  0.0736  1.0000  -4.4528   0.0000   0.2415
  16.600   1.2089   0.10122   0.09553  -0.0232  0.0736  1.0000  -4.4134   0.0000   0.2425
  16.700   1.1968   0.10432   0.09873  -0.0246  0.0736  1.0000  -4.3682   0.0000   0.2436
  16.800   1.1840   0.10762   0.10213  -0.0262  0.0737  1.0000  -4.3173   0.0000   0.2449
  16.900   1.1696   0.11127   0.10588  -0.0280  0.0738  1.0000  -4.2569   0.0000   0.2466
  17.000   1.1543   0.11522   0.10993  -0.0302  0.0739  1.0000  -4.1885   0.0000   0.2486
  17.100   1.1369   0.11970   0.11450  -0.0327  0.0741  1.0000  -4.1057   0.0000   0.2510
  17.200   1.1177   0.12472   0.11962  -0.0356  0.0744  1.0000  -4.0077   0.0000   0.2539
  17.300   1.0961   0.13054   0.12552  -0.0390  0.0747  1.0000  -3.8881   0.0000   0.2576
  17.400   1.0786   0.13564   0.13073  -0.0425  0.0750  1.0000  -3.7887   0.0000   0.2612
  17.500   0.9128   0.18789   0.18295  -0.0732  0.0919  1.0000  -2.3153   0.0000   0.3044
  17.600   0.9115   0.19070   0.18576  -0.0745  0.0919  1.0000  -2.2824   0.0000   0.3059
  17.700   0.9118   0.19321   0.18827  -0.0756  0.0923  1.0000  -2.2613   0.0000   0.3068
  17.800   0.9144   0.19531   0.19039  -0.0760  0.0930  1.0000  -2.2592   0.0000   0.3069
  17.900   0.9190   0.19731   0.19240  -0.0758  0.0940  1.0000  -2.2740   0.0000   0.3061
  18.000   0.8701   0.21563   0.21069  -0.0893  0.1301  1.0000  -1.7097   0.0000   0.3272
  18.100   0.8722   0.21719   0.21226  -0.0900  0.1285  1.0000  -1.7069   0.0000   0.3276
  18.200   0.8750   0.21870   0.21377  -0.0906  0.1270  1.0000  -1.7080   0.0000   0.3278
  18.300   0.8785   0.22015   0.21524  -0.0910  0.1255  1.0000  -1.7132   0.0000   0.3277
  18.400   0.8827   0.22157   0.21666  -0.0913  0.1241  1.0000  -1.7268   0.0000   0.3273
  18.500   0.8880   0.22297   0.21808  -0.0913  0.1228  1.0000  -1.7563   0.0000   0.3266
  18.600   0.8945   0.22443   0.21956  -0.0912  0.1216  1.0000  -1.7940   0.0000   0.3255
  18.700   0.9028   0.22610   0.22126  -0.0906  0.1205  1.0000  -1.8427   0.0000   0.3237
  18.800   0.9136   0.22823   0.22341  -0.0897  0.1195  1.0000  -1.9053   0.0000   0.3213
  18.900   0.9249   0.23114   0.22636  -0.0884  0.1185  1.0000  -1.9734   0.0000   0.3186
  19.000   0.9317   0.23889   0.23411  -0.0874  0.1171  1.0000  -2.0053   0.0000   0.3168
  19.100   0.9318   0.24090   0.23612  -0.0887  0.1170  1.0000  -1.9915   0.0000   0.3180
  19.200   0.9317   0.24278   0.23800  -0.0899  0.1169  1.0000  -1.9771   0.0000   0.3192
  19.300   0.9296   0.24441   0.23962  -0.0916  0.1167  1.0000  -1.9511   0.0000   0.3210
  19.400   0.9267   0.24572   0.24092  -0.0934  0.1165  1.0000  -1.9197   0.0000   0.3231
  19.500   0.9216   0.24641   0.24160  -0.0956  0.1160  1.0000  -1.8748   0.0000   0.3259
  19.600   0.9079   0.24546   0.24061  -0.0996  0.1142  1.0000  -1.7773   0.0000   0.3316
  19.700   0.9029   0.24639   0.24152  -0.1021  0.1112  1.0000  -1.7294   0.0000   0.3348
  19.800   0.9034   0.24804   0.24318  -0.1033  0.1091  1.0000  -1.7213   0.0000   0.3359
  19.900   0.9049   0.24974   0.24488  -0.1042  0.1074  1.0000  -1.7221   0.0000   0.3365
  20.000   0.9070   0.25143   0.24658  -0.1050  0.1059  1.0000  -1.7274   0.0000   0.3369


