Blade Design
       Radial Position [m]          Chord Length [m]               Twist [deg]     Pitch Axis Offset [m]  Thread Axis in [% chord]              Airfoil Name            360 Polar Name
--------------------------------------------------------------------------------------------------------------------------------------------------------------------------------------
               2.50000e-02               5.19172e-02               3.18690e+01               0.00000e+00               2.50000e-01                 NACA_2408             397088.021178
               3.75000e-02               6.51157e-02               2.91443e+01               0.00000e+00               2.50000e-01                 NACA_2408             397088.021178
               5.00000e-02               6.61786e-02               2.51462e+01               0.00000e+00               2.50000e-01                 NACA_2408             397088.021178
               6.25000e-02               6.26163e-02               2.14315e+01               0.00000e+00               2.50000e-01                 NACA_2408             397088.021178
               7.50000e-02               5.77454e-02               1.82883e+01               0.00000e+00               2.50000e-01                 NACA_2408             397088.021178
               8.75000e-02               5.28386e-02               1.56910e+01               0.00000e+00               2.50000e-01                 NACA_2408             397088.021178
               1.00000e-01               4.83296e-02               1.35476e+01               0.00000e+00               2.50000e-01                 NACA_2408             397088.021178
               1.12500e-01               4.43265e-02               1.17668e+01               0.00000e+00               2.50000e-01                 NACA_2408             397088.021178
               1.25000e-01               4.08168e-02               1.02730e+01               0.00000e+00               2.50000e-01                 NACA_2408             397088.021178
               1.37500e-01               3.77487e-02               9.00724e+00               0.00000e+00               2.50000e-01                 NACA_2408             397088.021178
               1.50000e-01               3.50624e-02               7.92384e+00               0.00000e+00               2.50000e-01                 NACA_2408             397088.021178
               1.62500e-01               3.27015e-02               6.98788e+00               0.00000e+00               2.50000e-01                 NACA_2408             397088.021178
               1.75000e-01               3.06169e-02               6.17230e+00               0.00000e+00               2.50000e-01                 NACA_2408             397088.021178
               1.87500e-01               2.87668e-02               5.45603e+00               0.00000e+00               2.50000e-01                 NACA_2408             397088.021178
               2.00000e-01               2.71165e-02               4.82246e+00               0.00000e+00               2.50000e-01                 NACA_2408             397088.021178
